initial_step:0.7156445539362404
p_0:-0.1653397077550931
p_1:0.5307693107441229
p_2:-0.66218234710957
p_3:-0.7844129553120913
p_4:-0.8868394874875629
p_5:-0.8875270875637178
p_6:0.6514113860488433
p_7:0.06713751905207688
p_8:-0.794701744895429
p_9:-0.34828050282101186
p_10:-0.2934047896577314
p_11:-0.620900065611985
p_12:0.7484464344460386
p_13:-0.5701514785845219
p_14:0.7084479014245904
p_15:0.3185828438670959
p_16:-0.18705953186670876
p_17:-0.25253071020398465
p_18:0.8206243866595764
p_19:-0.559751809365465
p_20:-0.01514793312806817
p_21:-0.959329350893013
p_22:-0.5813147231328635
p_23:-0.38562525160825545
p_24:0.17716393331300861
p_25:-0.9986863499532324
p_26:0.7005398229436595
p_27:-0.5437958730682588
p_28:0.43785286558187186
p_29:0.3936818696223421
p_30:-0.10714973725392873
p_31:0.6207613292869449
p_32:-0.5035902660721587
p_33:0.9462565779799594
p_34:0.06913005864680888
p_35:-0.20528508878489848
p_36:-0.7376027552082933
p_37:0.9731446186136672
p_38:-0.5840420134724083
p_39:0.10824375856368906
p_40:-0.2571693175128009
p_41:0.17696593267554306
p_42:-0.43410943823471304
p_43:0.7662585786292038
p_44:0.6311030518601151
p_45:0.6225280801116637
p_46:0.16032489288548835
p_47:0.8624531354927767
p_48:0.3550830946790775
p_49:-0.7508285271228452
p_50:0.35846310240827783
p_51:0.5900891301475448
p_52:0.027369631306954467
p_53:0.4619431477915703
p_54:-0.732798801243622
p_55:-0.2811351677042764
p_56:-0.28545263794962317
p_57:-0.8654195933219093
p_58:0.8527529418605366
p_59:0.7938707294460337
p_60:-0.2541640010831909
p_61:0.7447453074059518
p_62:-0.0922838413997582
p_63:-0.4409372700038052
p_64:-0.14647588162513103
p_65:-0.5509163444174328
p_66:-0.2160902059478187
p_67:0.4195991865160966
p_68:-0.4172101309575089
p_69:0.7231867150983973
p_70:0.43597134795284065
p_71:-0.6903323323675521
p_72:-0.6019083287329858
p_73:-0.09346447882138142
p_74:0.021461690811854117
p_75:0.23576791676386044
p_76:0.1227980288988606
p_77:0.6979043107023255
p_78:-0.16140559184444303
p_79:-0.8247221874153394
p_80:0.4285661783983927
p_81:-0.1090958220952114
p_82:-0.435138472946889
p_83:-0.770083669774897
p_84:0.743916426777939
p_85:0.5551731520238861
p_86:-0.128197247494362
p_87:0.02701376347519302
p_88:-0.8748986195881845
p_89:0.10655183651827116
p_90:-0.6180758250114216
p_91:0.35253509463894694
p_92:-0.5438306106271744
p_93:0.11413015946420746
p_94:-0.8060577837857834
p_95:0.7504305779600944
p_96:-0.05769012058387779
p_97:0.5082973219230418
p_98:-0.2387536371645278
p_99:-0.6202503108909725
p_100:-0.2308465919027134
