initial_step:0.534465994974831
p_0:-0.216409140748256
p_1:0.5938265540257828
p_2:0.26069902504357456
p_3:0.31655822814586765
p_4:0.3735497770100693
p_5:0.8175476702119719
p_6:0.7620941061724777
p_7:0.49091397115775814
p_8:-0.8882011982393769
p_9:0.87007263873219
p_10:-0.24205516145603756
p_11:0.6209092670864853
p_12:0.8630927910606401
p_13:0.1347197001864544
p_14:0.3495984186030523
p_15:0.11008931797189558
p_16:0.9826486907699561
p_17:0.18857973307967213
p_18:0.8615767612644074
p_19:0.29964616903647023
p_20:0.9587848868819577
p_21:-0.371660332166728
p_22:-0.628883629862601
p_23:0.08705221660740059
p_24:-0.974499604935469
p_25:0.41066308411795127
p_26:0.3822289761972797
p_27:0.038843620355205166
p_28:0.4700748780009969
p_29:-0.820755750572018
p_30:-0.8288506956095945
p_31:0.39386806632325255
p_32:-0.8854943643246074
p_33:-0.2206017209789648
p_34:-0.6463315741276741
p_35:0.635406453836286
p_36:0.7833033289304794
p_37:0.9881759540980277
p_38:-0.019911331158616097
p_39:-0.21866807681441602
p_40:0.48834266089347866
p_41:0.12720356027828061
p_42:-0.5023252972602856
p_43:-0.3308653787231959
p_44:-0.3165095630285901
p_45:-0.07322489628714757
p_46:-0.0954440918455477
p_47:-0.3033717328054477
p_48:-0.4851546530342956
p_49:0.014189280720863007
p_50:-0.09523869198376778
p_51:-0.1627634820794026
p_52:0.896362820589951
p_53:-0.04372804242168837
p_54:0.20329363724534666
p_55:-0.16086342561047173
p_56:-0.20862974453694982
p_57:-0.3749296430690985
p_58:0.8747905439970662
p_59:-0.16850270908495268
p_60:0.6172596868461837
p_61:0.5130331492963798
p_62:0.2203568150779578
p_63:-0.2644686937071601
p_64:-0.2383350069568515
p_65:-0.5796830609055836
p_66:-0.19568038667350574
p_67:0.1947269355685206
p_68:0.23566268112747535
p_69:0.5326227526315466
p_70:0.08386787965657905
p_71:-0.13363436945649232
p_72:0.915303693281011
p_73:-0.06498072561796775
p_74:-0.3117201500470921
p_75:0.16994853080505434
p_76:0.04288826105544974
p_77:-0.13464080521670496
p_78:0.07658220506536173
p_79:0.9378158895888629
p_80:-0.06356065270226252
p_81:0.9916404121899762
p_82:0.9297276781179569
p_83:0.9504093587506899
p_84:-0.4876538439554743
p_85:-0.45969827213088954
p_86:0.7599551526268926
p_87:-0.9631028478842805
p_88:-0.6195450841773185
p_89:0.6912133171346684
p_90:0.19232961647411484
p_91:-0.5767531676583513
p_92:-0.3763923047422082
p_93:-0.002098894448777422
p_94:0.9428066728901379
p_95:-0.6814979407448045
p_96:-0.6133642072509469
p_97:-0.6950276733130591
p_98:0.575483644869736
p_99:-0.032432427057920155
p_100:0.9698813481791551
