initial_step:0.5017122374412558
p_0:-0.9827255028250435
p_1:0.06225600092485517
p_2:-0.6490640437988546
p_3:-0.4228934136582474
p_4:0.16120426214363048
p_5:0.9265689007813362
p_6:-0.420792274796999
p_7:0.8667887667505942
p_8:-0.24395444400555633
p_9:0.08765094681903118
p_10:0.4185988079604599
p_11:0.19074389160096694
p_12:0.8363345202446852
p_13:-0.05582937170278557
p_14:0.6486477958985035
p_15:0.1282267521002216
p_16:-0.9801823708868282
p_17:-0.3066775540048854
p_18:0.14295679040844766
p_19:0.29101687693872536
p_20:-0.1382158814537613
p_21:-0.0020986425702749223
p_22:0.2835089088222569
p_23:-0.667932323255993
p_24:0.22873630225094765
p_25:-0.5655371128652187
p_26:0.04544623964559591
p_27:0.8753504818494109
p_28:-0.36876910255853024
p_29:-0.9645179140435809
p_30:0.5588292777572332
p_31:0.2911021445490696
p_32:0.9924685715733865
p_33:-0.35368987232587656
p_34:0.38778011906317
p_35:0.1964776977691962
p_36:-0.2075683390955796
p_37:0.8865953562192208
p_38:-0.756622605307431
p_39:-0.10090515546196821
p_40:0.8763871096452174
p_41:0.7216770582958463
p_42:-0.6507231860331555
p_43:-0.7983441381528058
p_44:-0.13118112184736974
p_45:-0.09925004383730873
p_46:0.06231958711562613
p_47:0.4631279060629836
p_48:-0.011242736214909455
p_49:-0.8884197352118786
p_50:-0.47047869220236405
p_51:-0.041908389361222875
p_52:0.5500761059891532
p_53:-0.06894281673644431
p_54:0.9818100099214282
p_55:-0.8472779116353684
p_56:-0.526513371075886
p_57:0.20610988451766254
p_58:0.5391827489278784
p_59:-0.5305839981928429
p_60:-0.0974859482414856
p_61:0.1904274160219812
p_62:0.5953439255461099
p_63:-0.2800669730236207
p_64:-0.5964050039152164
p_65:-0.7481334656562135
p_66:0.028385385128496976
p_67:0.3637219916221839
p_68:-0.08706156812926569
p_69:-0.7798707153908693
p_70:-0.8836474720523211
p_71:0.7710682926076271
p_72:-0.5301202644518892
p_73:-0.19087641233263852
p_74:0.6608043530166201
p_75:-0.12956365686776428
p_76:-0.14417861871148374
p_77:0.20507110425563013
p_78:-0.7998280391189503
p_79:0.03984314326534899
p_80:0.8823589218480035
p_81:-0.18598723813301787
p_82:0.29312168878837785
p_83:0.12858382209143837
p_84:0.12418215462958271
p_85:0.044564588729919086
p_86:-0.030157789367848187
p_87:-0.09981971357611608
p_88:-0.006863820710582669
p_89:-0.6672746743385456
p_90:-0.5442363792055758
p_91:-0.48927324117569526
p_92:0.8864428453467161
p_93:-0.42942035010826807
p_94:0.5813972443136337
p_95:0.03485585855097262
p_96:0.2453575521657798
p_97:0.37445295396882483
p_98:0.5297316932513045
p_99:0.7482933727044077
p_100:0.5468395472390364
