initial_step:0.6014054840171285
p_0:0.5437168171376789
p_1:0.35300594035960264
p_2:0.950451703258465
p_3:-0.28383125853617397
p_4:0.5458953157091249
p_5:0.5494065983571048
p_6:-0.8785336676080875
p_7:-0.09701773532507074
p_8:-0.12146627064420135
p_9:0.5439288097546382
p_10:-0.4152494832887088
p_11:0.5451673236738468
p_12:0.8848860705057346
p_13:-0.8301137855238412
p_14:-0.7356591411920139
p_15:0.4095612964512618
p_16:-0.9556401296947781
p_17:0.9159627733585936
p_18:0.6196388765993079
p_19:-0.6618295276787176
p_20:-0.9179171299617201
p_21:0.48398043652714406
p_22:0.14936645990540054
p_23:0.15725590197160377
p_24:-0.7523766483881276
p_25:-0.8934658328144882
p_26:-0.9995523356413389
p_27:-0.24025038322530623
p_28:-0.76451341817772
p_29:-0.1978915837169528
p_30:0.005200432730468663
p_31:-0.5328807872188364
p_32:-0.26482075384878856
p_33:-0.8358801867814516
p_34:0.3353060034209865
p_35:-0.9310843027369318
p_36:-0.39822355742947524
p_37:0.5840708211096111
p_38:-0.5296329358366754
p_39:-0.21435444113880653
p_40:-0.44179607879606086
p_41:-0.5070142175625252
p_42:-0.6417212339098044
p_43:-0.8457165358137237
p_44:0.0032495129068095263
p_45:-0.6188993751328074
p_46:0.3387100380439374
p_47:0.9913815887791111
p_48:-0.20858343975910354
p_49:-0.2162056315440699
p_50:-0.14028298821227714
p_51:-0.2270067798113531
p_52:-0.9521217701346965
p_53:0.32131756532932987
p_54:-0.01344931673910743
p_55:-0.36645169775253983
p_56:0.16853468864855414
p_57:-0.8763439983112229
p_58:0.3166562565360316
p_59:0.42149372293049825
p_60:0.7167946291397065
p_61:-0.1301606493379539
p_62:0.747649314335253
p_63:-0.5599947635512597
p_64:0.2353024844624929
p_65:0.8584352191508209
p_66:-0.9707461259490773
p_67:-0.3415675689052484
p_68:-0.2136591195388855
p_69:-0.908054423408085
p_70:0.9575980697727924
p_71:-0.7298278506051517
p_72:-0.7794231092781463
p_73:0.4573915060069367
p_74:0.7933804219532652
p_75:-0.3185294291547127
p_76:-0.677304459824527
p_77:0.6449702342146395
p_78:-0.17728541223620198
p_79:0.8179412776693971
p_80:0.5930472977314691
p_81:0.33316394942862915
p_82:0.9255769101945546
p_83:0.6778275335311339
p_84:-0.14100602667916995
p_85:-0.7751564062953529
p_86:0.8980624541979056
p_87:0.8186731598262205
p_88:0.7882070317974081
p_89:0.12134200784523141
p_90:-0.8587794960098694
p_91:0.12571337707028896
p_92:0.06019430842167961
p_93:0.3951435210949579
p_94:-0.021963068693767296
p_95:0.8413458995953322
p_96:-0.2731167603644231
p_97:-0.02863752810937159
p_98:-0.07151082314971746
p_99:0.1923448447410674
p_100:-0.3027443754789423
