initial_step:0.5142936443615452
p_0:-0.3012784372773156
p_1:-0.19240712223909195
p_2:0.3246780331028387
p_3:0.7656784490468374
p_4:-0.17041211310779758
p_5:0.40064957132731593
p_6:-0.5939757723897912
p_7:-0.6088533243732723
p_8:0.666818608950988
p_9:-0.5841165174857961
p_10:-0.9255834139142551
p_11:-0.2828689571287857
p_12:0.8645920700105925
p_13:0.8926979181955008
p_14:0.574851080401338
p_15:-0.35420534748952637
p_16:-0.5482572632761928
p_17:0.8031275062225802
p_18:-0.7085089170372099
p_19:-0.32688947925118716
p_20:-0.4101489908527225
p_21:0.6174876498418558
p_22:0.449589059698249
p_23:0.7615811201174696
p_24:0.3246125554988135
p_25:-0.5679735422407339
p_26:-0.5762231780320868
p_27:0.8868126463770769
p_28:-0.41806836868189046
p_29:0.05009091171378177
p_30:0.6462685569222812
p_31:0.7870245193059913
p_32:-0.3042464397771205
p_33:0.21041909735953457
p_34:-0.590303988524262
p_35:0.4751420815396492
p_36:0.2918024572197728
p_37:-0.6491320129492435
p_38:0.12406337440017623
p_39:0.1284297113287569
p_40:-0.1554420026537391
p_41:0.9897288249010041
p_42:0.12451630118826262
p_43:0.1408061267969265
p_44:0.04179518974816343
p_45:-0.4063516928730857
p_46:0.24680280145981737
p_47:0.3754523117043087
p_48:0.40776459235733964
p_49:0.3335980936459888
p_50:-0.9385367795875537
p_51:-0.5858437344892611
p_52:0.9977415165847872
p_53:-0.6698045613290997
p_54:-0.22034645842559675
p_55:-0.049631433208118914
p_56:-0.48387647612322526
p_57:0.032501081738344206
p_58:-0.8603601186178575
p_59:-0.8440491167505446
p_60:0.4470913569105073
p_61:0.44188656663939585
p_62:-0.5702116378800839
p_63:0.9193845944631887
p_64:-0.5228134382795404
p_65:-0.33000387152128785
p_66:0.1865170815961874
p_67:0.9691187303417648
p_68:-0.9659712632094051
p_69:-0.14891587640374504
p_70:0.18738233073963784
p_71:-0.8172402079084577
p_72:-0.5674071148596862
p_73:-0.07507428722570664
p_74:0.2939003318323121
p_75:0.92086118560751
p_76:-0.7724832648762323
p_77:0.7252004796518141
p_78:0.36589838284449394
p_79:-0.20070583130871533
p_80:-0.1806204606884254
p_81:-0.030700142475850845
p_82:-0.9082345381536088
p_83:0.15901536119234638
p_84:-0.5684224785992191
p_85:-0.7033242215314834
p_86:0.2566622673502359
p_87:0.8935863649747378
p_88:-0.24871270538528134
p_89:0.6445249931949864
p_90:0.6512227806618127
p_91:-0.7617113710339662
p_92:0.9532372844500767
p_93:-0.15585029440949705
p_94:-0.7937862750535352
p_95:-0.10679969832595182
p_96:0.8024610147468405
p_97:-0.8113792493017675
p_98:0.07749930749723566
p_99:-0.7245235055008215
p_100:-0.5239695965832087
