initial_step:0.4739638717083847
p_0:0.3791683663917449
p_1:-0.82881956726224
p_2:-0.1781270219221076
p_3:-0.12788210333222838
p_4:-0.7848335657481611
p_5:0.4252266903300501
p_6:-0.8951153782223185
p_7:-0.4584385145242291
p_8:0.7731399709887754
p_9:0.7906388612732502
p_10:-0.7096979084320327
p_11:0.5216175303166561
p_12:-0.07416068250657282
p_13:-0.27508930843719526
p_14:-0.20647852295419522
p_15:-0.5400306717716881
p_16:-0.6770394991127189
p_17:-0.998393799717368
p_18:0.6734420743870424
p_19:0.9210142488767525
p_20:-0.9928684137014518
p_21:-0.2313198898633959
p_22:-0.5713028043742288
p_23:-0.7324175368335646
p_24:-0.06232539134214288
p_25:-0.5144171354566818
p_26:0.8725284770764676
p_27:0.5766930710216125
p_28:0.5386300984257981
p_29:0.516822292211925
p_30:-0.3185554999321887
p_31:0.6134330024779682
p_32:0.5558434172021713
p_33:0.9424062836700315
p_34:0.939802887761978
p_35:-0.0596984318048186
p_36:0.413523474495499
p_37:-0.8780492313692392
p_38:-0.7639451599992502
p_39:-0.46559523350527643
p_40:0.8214897875727409
p_41:0.8347358832602103
p_42:-0.9354511390293128
p_43:-0.9315250247277775
p_44:-0.9631340686048357
p_45:0.6510987302013214
p_46:-0.8482913765713673
p_47:0.7974076014981213
p_48:-0.018995519894114077
p_49:0.11927184768374488
p_50:0.5609897485654833
p_51:0.23388378408221566
p_52:-0.981161136253369
p_53:0.9020126032335509
p_54:0.1353750341039619
p_55:0.8144893373296602
p_56:0.0511758815374912
p_57:0.48242756199477776
p_58:-0.3163273005593197
p_59:-0.2676494313433948
p_60:0.3078220706787791
p_61:-0.5486015858852338
p_62:-0.8189208305820259
p_63:0.09413341721161994
p_64:-0.20226641062695583
p_65:-0.6451774069069018
p_66:0.22723321515450579
p_67:-0.8835555790096914
p_68:0.44256913492574323
p_69:0.837127310724425
p_70:-0.8596291792070023
p_71:0.6100767611532374
p_72:-0.4229951937947156
p_73:0.5683549985234546
p_74:0.18531062230486905
p_75:0.3140033395121473
p_76:-0.0012441688297779585
p_77:0.3844956614847488
p_78:0.38436538028854894
p_79:0.16169260574725275
p_80:0.6530372683900334
p_81:-0.8744193802184814
p_82:-0.11952221770576199
p_83:-0.2895379282459274
p_84:0.7392872827635368
p_85:-0.7112770920217661
p_86:-0.3102136050107529
p_87:0.9142903898768882
p_88:0.26382482837437604
p_89:-0.8254862246541472
p_90:0.6481404583112647
p_91:-0.7652022340398996
p_92:0.05948703723849369
p_93:-0.512085947324306
p_94:0.9692064127708837
p_95:-0.6744270961280272
p_96:-0.5787658722403581
p_97:-0.06729721064952776
p_98:-0.5648423406181837
p_99:0.21518599085825252
p_100:-0.5566027604677493
