initial_step:0.008359802507080127
p_0:0.69633392717046
p_1:-0.38135185311870967
p_2:-0.34837359564038706
p_3:-0.4826332201936372
p_4:-0.7312188030227496
p_5:0.7047797415155241
p_6:0.5474572126099684
p_7:-0.9388321807003188
p_8:-0.5795892568184544
p_9:-0.25551354749204314
p_10:0.6314869329005859
p_11:-0.5390973103102961
p_12:0.7000623132996844
p_13:-0.45938181326042926
p_14:-0.636125200794768
p_15:-0.8823360431648812
p_16:0.24053892686653966
p_17:0.9631311507739133
p_18:0.27581886710246084
p_19:0.7259115701584071
p_20:-0.6459694595587999
p_21:0.6311541301078729
p_22:-0.17113345163077498
p_23:0.39445343342176087
p_24:0.22693756766967565
p_25:-0.3474180379810974
p_26:-0.7685723842525254
p_27:-0.28636420350276937
p_28:0.24900775660903895
p_29:-0.38439239207623954
p_30:-0.7741174804554509
p_31:0.22137604706753478
p_32:0.5565183601160271
p_33:0.415769656776406
p_34:-0.17516452013607564
p_35:0.2760762134093069
p_36:-0.5992789886525782
p_37:0.3989357363411128
p_38:-0.3354763588276737
p_39:0.8062439565485664
p_40:0.2894616020007794
p_41:-0.5485750613280496
p_42:-0.13196021342204745
p_43:-0.03826736984716006
p_44:-0.59922962917239
p_45:0.2387849579851058
p_46:-0.04965609746825983
p_47:-0.33534447133534173
p_48:0.35541435865983484
p_49:0.7096543884778228
p_50:0.9999364192519336
p_51:0.13267654802170759
p_52:-0.772096209958467
p_53:-0.41831232033507404
p_54:-0.1643501124004454
p_55:-0.5402598472098497
p_56:0.1252707687047252
p_57:-0.5083337930356626
p_58:-0.4928217323026238
p_59:-0.22222243171325995
p_60:-0.11653044547981839
p_61:-0.0308128161505421
p_62:0.6344969275265671
p_63:-0.8655052463755089
p_64:0.02087975308468004
p_65:0.7574659218578346
p_66:0.8770348879371432
p_67:0.35482854270751796
p_68:-0.23109671614491445
p_69:-0.10701586928233131
p_70:-0.7384273977029101
p_71:0.5787835133108163
p_72:-0.5221520197453782
p_73:0.5791544390796781
p_74:-0.12870663509813607
p_75:0.42920094424677036
p_76:0.9365291503361055
p_77:0.7406358277772895
p_78:-0.27926632092041936
p_79:-0.6775224569363565
p_80:0.35612133105514254
p_81:0.2512746985176595
p_82:-0.5978394013502661
p_83:0.5419463408501195
p_84:0.6756858180089111
p_85:-0.8190484589861196
p_86:0.3215348285739077
p_87:0.8373202704227598
p_88:0.5819528384911277
p_89:-0.12424052854129264
p_90:0.9973850741536898
p_91:0.012705998020436926
p_92:0.46896844122731607
p_93:0.8142014298366655
p_94:-0.9031448283298928
p_95:0.6797888889224892
p_96:-0.47444141770477044
p_97:0.6584067086182521
p_98:0.728453708690497
p_99:0.7841558163310143
p_100:0.9196171805759177
