initial_step:0.19439441608799424
p_0:0.37134117512628495
p_1:0.9852762236612012
p_2:-0.8807899217744419
p_3:-0.8943824825309576
p_4:-0.6604328420374717
p_5:0.9711743136817057
p_6:-0.8394376684464753
p_7:0.9420170676345936
p_8:0.9716791870431656
p_9:0.9499519507718743
p_10:-0.0122291456679684
p_11:0.9523064278458289
p_12:0.6327650884936766
p_13:-0.9795608291113098
p_14:0.18304819062655664
p_15:-0.8493574123262497
p_16:-0.361359729612893
p_17:-0.799273911164806
p_18:-0.9436690035880739
p_19:-0.4355483636292137
p_20:-0.582566575862852
p_21:0.7620565738207383
p_22:-0.4306469832156272
p_23:0.7916238063750811
p_24:-0.488556321512837
p_25:-0.7485328614861051
p_26:-0.6072070964217329
p_27:0.5387708782831169
p_28:0.8989836926019146
p_29:-0.5151811484727469
p_30:0.6833373248356627
p_31:-0.827120997997068
p_32:0.8023052269960484
p_33:0.6141343701732465
p_34:-0.0028514840872206904
p_35:0.02196163082291358
p_36:-0.5945245819618585
p_37:0.4204072410132238
p_38:0.974715754367879
p_39:-0.34294141538172274
p_40:-0.6338924061037143
p_41:0.7478393891578716
p_42:0.23080037522954955
p_43:0.5753904456598609
p_44:-0.11484760969666152
p_45:0.7417836567533567
p_46:-0.7177075871570378
p_47:0.5014521172932924
p_48:-0.16194875298680178
p_49:0.7190118869457307
p_50:0.0009815114445577144
p_51:0.1410774156105079
p_52:-0.23933568655167892
p_53:-0.4954336020333663
p_54:-0.7001861836250012
p_55:0.38467828967087536
p_56:-0.11781875639008565
p_57:-0.0004810668678403296
p_58:-0.32737607263305835
p_59:-0.18707932371652536
p_60:-0.8197338586859599
p_61:0.43279029967057614
p_62:-0.3085383493799225
p_63:-0.15211491717412318
p_64:-0.07429409613008664
p_65:-0.9204920098971401
p_66:-0.795655931619736
p_67:0.11587954667584444
p_68:-0.053452294958706625
p_69:0.07973675840337746
p_70:0.19135462748317122
p_71:-0.8454766033061027
p_72:0.31031992667252495
p_73:0.4673015398179938
p_74:0.45088410245390387
p_75:-0.030242867797993123
p_76:0.8862817800733436
p_77:0.7309173837351344
p_78:0.27090322025451274
p_79:0.723444564688096
p_80:0.8420040685214867
p_81:-0.7225558986229708
p_82:-0.03327421401768915
p_83:-0.9143424666483226
p_84:-0.5476913379161488
p_85:-0.9870996423860443
p_86:-0.44254274046896036
p_87:0.5239070806789374
p_88:0.23257044266430094
p_89:-0.43351827784565256
p_90:-0.7630089089004692
p_91:-0.21631661767162047
p_92:0.26119018343879685
p_93:-0.9136754239187066
p_94:0.12791581109569883
p_95:0.5855797050006037
p_96:0.42639900852193535
p_97:0.4007408024226726
p_98:-0.3488906943008301
p_99:0.3159285143050723
p_100:-0.9823099038243444
