initial_step:0.4916999199276306
p_0:-0.9136045523838228
p_1:0.1578011684811551
p_2:0.017728186110685717
p_3:-0.5216659233360683
p_4:-0.9688610088491403
p_5:-0.4955386806577271
p_6:0.15473946813607542
p_7:0.21114788446402288
p_8:-0.8581015206554299
p_9:0.6983207381738452
p_10:-0.9685237307008319
p_11:-0.04269435835227586
p_12:-0.5299646123831192
p_13:-0.6510301888435088
p_14:-0.38870669306459593
p_15:-0.5484466871727507
p_16:-0.5996280407657137
p_17:-0.6077690023335627
p_18:-0.7956668228382111
p_19:0.34825316428505815
p_20:0.28200074046946644
p_21:0.7588909234388563
p_22:0.002176418484628906
p_23:-0.4687461694655899
p_24:0.9067295536942299
p_25:0.1230946587485533
p_26:-0.6804884153526214
p_27:0.0873351289473876
p_28:0.8210522037722452
p_29:0.5063375244831783
p_30:-0.2997205142952639
p_31:0.7582090418582363
p_32:-0.1945693653242333
p_33:-0.7923931040855086
p_34:-0.8952921240282721
p_35:-0.21052593434336342
p_36:-0.4238631949964986
p_37:-0.4266968981407675
p_38:-0.41614984151628187
p_39:0.3020793255533898
p_40:-0.9921079837896638
p_41:-0.8350176360812311
p_42:0.18664628913336312
p_43:0.8826815011195068
p_44:0.6774950754868958
p_45:-0.5679320485242871
p_46:0.008490891707190418
p_47:-0.6986069116741127
p_48:0.7704975128204719
p_49:0.8299906090974016
p_50:-0.5995770122059096
p_51:-0.7117872823444418
p_52:-0.5196992947932404
p_53:-0.07866999239551764
p_54:-0.26935311466844136
p_55:-0.9750444317845341
p_56:0.944514233779782
p_57:0.8676754519466083
p_58:-0.315576316977372
p_59:0.18130831447751983
p_60:-0.6515499863247414
p_61:-0.928789328048502
p_62:-0.10619213241018377
p_63:-0.914265516905808
p_64:-0.33943945247188956
p_65:-0.048476812909999945
p_66:-0.5573288699620751
p_67:-0.9379704809546989
p_68:0.8844693525676075
p_69:-0.07376264521634202
p_70:-0.23346909722804465
p_71:0.2961375747817476
p_72:-0.25885716091342004
p_73:-0.303136126021585
p_74:0.6463642959443661
p_75:-0.8388861742004758
p_76:-0.44696339757714454
p_77:0.37693452466669664
p_78:-0.9500191821077577
p_79:0.47015645598322275
p_80:0.37139713063462443
p_81:-0.4236589998235962
p_82:0.8353187512166032
p_83:-0.9994714196670411
p_84:-0.6239801698922545
p_85:0.055825294666963066
p_86:0.5216955151106293
p_87:-0.5761246922658791
p_88:-0.41128320095518545
p_89:-0.7104096564905611
p_90:-0.9830919275839503
p_91:-0.636795359800981
p_92:-0.48862127198525807
p_93:0.052226109280401944
p_94:-0.6716900815524163
p_95:0.4977293515120085
p_96:0.4670015077332792
p_97:0.5514086841932504
p_98:0.32625598736816164
p_99:-0.370210537077873
p_100:0.12597663150563676
