initial_step:0.23918768289193615
p_0:-0.1136004812537248
p_1:0.5011506960792582
p_2:-0.7703686887986874
p_3:0.49498663811852306
p_4:0.7781571388587563
p_5:0.32400037868148157
p_6:0.58367869050663
p_7:-0.7120383849037812
p_8:0.6480895569667489
p_9:0.3975479308160308
p_10:0.7842527956285965
p_11:-0.9461104281720591
p_12:-0.051743416188897884
p_13:0.3029403635578052
p_14:-0.2623601732006824
p_15:0.7971832222210502
p_16:0.8990338303214414
p_17:-0.7599543934280291
p_18:0.2829461016209567
p_19:-0.7603342123611609
p_20:-0.69813160699233
p_21:-0.9194991076420529
p_22:0.6105786029714897
p_23:-0.6719053105995432
p_24:0.8326466853856656
p_25:-0.4624527635632092
p_26:0.11572428968406512
p_27:0.854776656021617
p_28:0.4444201964972123
p_29:-0.7234287793623175
p_30:0.8955950444215439
p_31:-0.24179544157688415
p_32:0.9360415824509125
p_33:0.002542112860411949
p_34:-0.266997111714939
p_35:-0.7056517456226106
p_36:-0.5468908124258689
p_37:-0.08879775409194379
p_38:-0.14749304130031504
p_39:0.19635766667034993
p_40:0.02574772256116087
p_41:0.15465560995724892
p_42:-0.00915414563332595
p_43:0.31580629789185544
p_44:0.11744037578376765
p_45:-0.48995040266055323
p_46:-0.27602251321693605
p_47:0.9556062281338906
p_48:0.0035810443353601062
p_49:0.5305449411265943
p_50:0.276457320827205
p_51:-0.19610900890864413
p_52:-0.8000740750412774
p_53:0.34718768452725257
p_54:-0.4940044914892989
p_55:-0.4062345818505855
p_56:-0.8277838134584106
p_57:0.11214340217259644
p_58:0.33680374288048376
p_59:-0.40023585508601545
p_60:-0.8163466062238212
p_61:-0.19545411941226143
p_62:-0.08910140331081529
p_63:0.015406014264063517
p_64:0.4845992856027965
p_65:-0.07302241161928014
p_66:0.5371715274431657
p_67:0.9295118080971838
p_68:-0.8365926002617396
p_69:-0.21027382113955384
p_70:-0.7861670086176824
p_71:0.7543363241058216
p_72:0.21218986698995868
p_73:-0.5310999602550919
p_74:0.7999776205282851
p_75:0.38080567375201313
p_76:0.22528456257931473
p_77:0.555852819087745
p_78:-0.16064763069500132
p_79:0.1208658431478773
p_80:0.11853723504872171
p_81:0.7464107631023935
p_82:-0.9168476596105197
p_83:0.9939475739316788
p_84:-0.604294598503045
p_85:-0.9358482376973989
p_86:0.3721879207432226
p_87:-0.7616421530103641
p_88:-0.5553410583109382
p_89:-0.6156959573860383
p_90:0.549399601002909
p_91:0.6721687448236344
p_92:-0.0008863915656074361
p_93:-0.6091985646759084
p_94:0.2581823195008808
p_95:-0.4048624758903001
p_96:-0.40541751182351704
p_97:0.8531999773651451
p_98:-0.3071638177521514
p_99:0.716233788983949
p_100:0.40860575604509863
