sigma_0:0.2725277015384241
sigma_1:-0.4349413794595504
sigma_2:0.42154443732895003
sigma_3:-0.3448982149628582
sigma_4:-1.176551191264682
sigma_5:0.42107350315227593
sigma_6:0.2764061770677084
sigma_7:-0.971771618444904
sigma_8:0.9840586288509806
sigma_9:2.6696095515569995
sigma_10:-0.49748442825995065
sigma_11:-0.292827648049881
sigma_12:0.6895113355046487
sigma_13:-1.0248893229300364
sigma_14:-0.11678399084851064
sigma_15:0.21263266457082267
sigma_16:1.1585868354667461
sigma_17:-0.8526758103596046
sigma_18:0.6541995663654531
sigma_19:1.5661911750555277
sigma_20:1.2398431003046206
sigma_21:-0.9599651835332564
sigma_22:-1.4999008536979652
sigma_23:-0.29464035447067494
sigma_24:-0.4042158452801483
sigma_25:1.1703958720537173
sigma_26:0.12692815682972425
sigma_27:-1.2397035320817307
sigma_28:0.15760541555065544
sigma_29:1.3489052639579866
sigma_30:-0.32681630417927043
sigma_31:1.7941442389024267
sigma_32:0.8977432799242709
sigma_33:0.356224512018384
sigma_34:-0.3910317398357147
sigma_35:-2.172905450130105
sigma_36:0.7554567755553144
sigma_37:1.165802280195195
sigma_38:1.0380129324927132
sigma_39:0.16754492105037558
sigma_40:-0.7257238452581521
sigma_41:0.6223592085387577
sigma_42:-0.39058154821574104
sigma_43:-0.8342502955760673
sigma_44:0.22347056892050057
sigma_45:-1.0228752709063544
sigma_46:0.43059722356298136
sigma_47:-2.0661049052987233
sigma_48:-0.4290148174893754
sigma_49:0.16463745959876314
sigma_50:-0.22419912087406127
sigma_51:1.8122048665980324
sigma_52:0.02934135623097319
sigma_53:-0.5025432682140659
sigma_54:0.005198791127493702
sigma_55:1.5295395897289432
sigma_56:1.4717462923224878
sigma_57:0.7221658720031254
sigma_58:1.2262066768035143
sigma_59:-0.40950436641505866
sigma_60:-0.25782632161970725
sigma_61:1.680939668185
sigma_62:0.6742877143488651
sigma_63:0.5539893244444811
sigma_64:-0.9503012396447049
sigma_65:1.40148640931683
sigma_66:0.9312276869825576
sigma_67:-0.8650345982282646
sigma_68:0.8041715087942952
sigma_69:-0.14936933857783566
sigma_70:1.1781363246224232
sigma_71:-0.32132579450757914
sigma_72:-1.5241787176804258
sigma_73:-0.5401792503353251
sigma_74:-0.5002621870299704
sigma_75:1.0914109150923803
sigma_76:1.8961712204308154
sigma_77:-1.0406102767535759
sigma_78:0.637120804836545
sigma_79:0.25292434469349917
sigma_80:0.7964395667622214
sigma_81:0.3566516914809019
sigma_82:-0.17032653059613415
sigma_83:1.0541300490772503
sigma_84:-1.269151456469745
sigma_85:1.1982022798944056
sigma_86:1.6159361123978824
sigma_87:-0.20321150070376823
sigma_88:0.9263403934772833
sigma_89:0.9118826046156306
sigma_90:-0.9717884211878038
sigma_91:-0.2397754631180243
sigma_92:-1.7874104223187173
sigma_93:-0.19867620913020348
sigma_94:2.0154569138349308
sigma_95:-0.7217011073193487
sigma_96:1.626745806974002
sigma_97:0.9813208056654759
sigma_98:1.0189367871184831
sigma_99:-1.3130718377478705
