sigma_0:-0.0809921472380838
sigma_1:-1.8152201293373271
sigma_2:-0.14664215070118283
sigma_3:-0.6150021990345322
sigma_4:-0.10238593762163688
sigma_5:0.6980720004241783
sigma_6:-0.4276949496717936
sigma_7:0.30954427114897104
sigma_8:1.1163362125312088
sigma_9:-0.6225968761473476
sigma_10:-0.7653616847800784
sigma_11:1.1527564244495112
sigma_12:0.64049255183508
sigma_13:0.4587173684421056
sigma_14:-0.20511800719713016
sigma_15:-0.20052800627834722
sigma_16:0.1081682580829404
sigma_17:-0.3681915938199411
sigma_18:-0.2519622431272885
sigma_19:0.2355898140298607
sigma_20:-1.4780194235899657
sigma_21:0.34328963456464534
sigma_22:-0.6834495357261621
sigma_23:-1.1031278692266486
sigma_24:-0.03774785195064327
sigma_25:-1.545376097481106
sigma_26:-0.528184022504089
sigma_27:-0.1806852650984353
sigma_28:-0.05310094421986964
sigma_29:1.3479617996829365
sigma_30:-1.3010685878748718
sigma_31:0.11777206970697933
sigma_32:-1.0809345531970294
sigma_33:0.8940497269180315
sigma_34:0.6373548906363753
sigma_35:1.7645193555708119
sigma_36:-0.982914110463486
sigma_37:-1.1231331536987916
sigma_38:0.18806231109323096
sigma_39:0.26131148848428376
sigma_40:0.05990774992990425
sigma_41:1.4498794999947424
sigma_42:0.8236159177157596
sigma_43:0.22774649242502557
sigma_44:-0.5835377763974363
sigma_45:-0.9983477738624329
sigma_46:1.2773662419564527
sigma_47:0.2015456310030149
sigma_48:1.0359590200676798
sigma_49:0.24301632300088036
sigma_50:-0.9456765843604685
sigma_51:0.48769843250548395
sigma_52:-0.7692645849559219
sigma_53:0.028370028044199674
sigma_54:0.26756250756559696
sigma_55:-1.1216869089926549
sigma_56:-0.40263878594624636
sigma_57:1.6348123032054123
sigma_58:0.9174311230184004
sigma_59:-1.4201610514958267
sigma_60:0.2647416005038512
sigma_61:-1.6153712541407312
sigma_62:-1.5084630362992324
sigma_63:1.7511134428831607
sigma_64:1.277044878620926
sigma_65:0.6309783802195292
sigma_66:1.1045776269811285
sigma_67:-3.151580121672266
sigma_68:-1.376220983382636
sigma_69:0.43438371029610384
sigma_70:0.9660589271968824
sigma_71:0.8014099587647321
sigma_72:-0.9249884981399505
sigma_73:-0.6641618872385214
sigma_74:0.17771000263240008
sigma_75:-0.23837567766612616
sigma_76:0.15372056289305366
sigma_77:-0.3099651355159524
sigma_78:0.6476565049891896
sigma_79:-0.5480452583685205
sigma_80:-0.29095978052237614
sigma_81:0.18022625439652215
sigma_82:-0.46238758245408246
sigma_83:-2.3014132977399555
sigma_84:-0.27967246475440644
sigma_85:0.1844229774130348
sigma_86:0.6068693243744849
sigma_87:-0.040272831140954826
sigma_88:1.0153137640808678
sigma_89:0.7641109772083651
sigma_90:-0.35721468203424916
sigma_91:1.6852198048281601
sigma_92:0.1991753014835487
sigma_93:0.06647073868034174
sigma_94:0.7249082900682488
sigma_95:-0.41428951541182296
sigma_96:0.870871645948266
sigma_97:0.14825145254837446
sigma_98:-0.025495749630392656
sigma_99:-0.17954485864928982
