sigma_0:-0.810815071693281
sigma_1:-0.4246880265354842
sigma_2:-0.6411093903469988
sigma_3:1.3553038093604233
sigma_4:0.21342038947204434
sigma_5:1.2287898349452522
sigma_6:-0.0351773722472453
sigma_7:-0.3359447807352038
sigma_8:0.34324698314188723
sigma_9:0.7858046231599393
sigma_10:0.2081579352782726
sigma_11:-0.005919338943533175
sigma_12:-0.2304632068299388
sigma_13:1.037663133372304
sigma_14:-1.179181460885462
sigma_15:0.1973244396527066
sigma_16:-0.7452015428561518
sigma_17:1.54451868679677
sigma_18:-1.6336394804919705
sigma_19:1.4610358751739578
sigma_20:-0.38202292470142657
sigma_21:0.7356590853770645
sigma_22:-0.009877529412403024
sigma_23:-1.219258506248585
sigma_24:1.5684178314641042
sigma_25:-0.5849322615147012
sigma_26:0.32824867540149794
sigma_27:-2.0143831322576684
sigma_28:1.4569766401879545
sigma_29:1.5781978571194641
sigma_30:0.8424009041700667
sigma_31:1.3162699716266595
sigma_32:0.18540974628568702
sigma_33:0.24726927154298756
sigma_34:1.5241752109769602
sigma_35:-1.392891168798999
sigma_36:0.17451916947781904
sigma_37:1.384942249786658
sigma_38:-0.31628191255550586
sigma_39:0.6259533322833152
sigma_40:-1.4960066800882024
sigma_41:-1.562860072097266
sigma_42:-1.0695781237267163
sigma_43:-0.7060105491313806
sigma_44:0.3532866551567197
sigma_45:-1.4106854895312422
sigma_46:-0.5773431965463515
sigma_47:-0.5297966467212144
sigma_48:0.16392580895050396
sigma_49:-0.6218984080515237
sigma_50:1.5584656213596475
sigma_51:0.4759353034915796
sigma_52:0.3055119019540403
sigma_53:-0.40420202770631974
sigma_54:-0.5657683683009986
sigma_55:0.8572941090853321
sigma_56:0.3332442595390026
sigma_57:0.8224103966153447
sigma_58:0.980483872543911
sigma_59:1.0107249234894056
sigma_60:1.593473667182033
sigma_61:-1.018841610019944
sigma_62:0.9830245978352256
sigma_63:0.444675886569881
sigma_64:-0.6360028643843778
sigma_65:2.939869583203311
sigma_66:-0.6201616848313785
sigma_67:0.03849311942623709
sigma_68:-1.6057950970062311
sigma_69:-1.471414963633399
sigma_70:-0.3883719450481192
sigma_71:-1.5777921572016753
sigma_72:-1.2105286783591556
sigma_73:1.206849026523585
sigma_74:1.5155443966385278
sigma_75:1.7271567877453247
sigma_76:0.44702895637047274
sigma_77:0.17234509266714337
sigma_78:0.15245394565137294
sigma_79:-1.8970492536938046
sigma_80:0.7687205615225357
sigma_81:0.41816174887987106
sigma_82:0.21431368789628613
sigma_83:0.9363047926449112
sigma_84:0.8595036178451507
sigma_85:-1.267129369839298
sigma_86:0.6216766475264999
sigma_87:-1.407233756056888
sigma_88:1.2067653719506994
sigma_89:-0.6927665176062425
sigma_90:2.1013868259646524
sigma_91:0.658827286160433
sigma_92:-1.0969752756311777
sigma_93:-0.321049279905645
sigma_94:-0.09717508510433076
sigma_95:-0.9446375733700101
sigma_96:0.6047565360688463
sigma_97:1.6271493978155473
sigma_98:1.0380595602172713
sigma_99:1.1107002241585304
