sigma_0:-0.6177147285044572
sigma_1:-0.23134235576942064
sigma_2:-0.3173521199011547
sigma_3:0.11108510916741494
sigma_4:-0.8649398878436286
sigma_5:-0.9710268738744067
sigma_6:-1.0312023021711687
sigma_7:0.13572871061285702
sigma_8:-1.0168879480239577
sigma_9:0.8668752663822971
sigma_10:-0.1774333377455152
sigma_11:-1.256260212637246
sigma_12:-1.098794881750353
sigma_13:0.042264580298354455
sigma_14:0.5767885391085588
sigma_15:0.3673376553656549
sigma_16:1.5795553726056513
sigma_17:0.543496624408779
sigma_18:1.004985998466267
sigma_19:-0.002521553521080314
sigma_20:3.151156124742531
sigma_21:1.114677485358421
sigma_22:0.1641757760222646
sigma_23:-0.12696959799245963
sigma_24:-0.5791190190741226
sigma_25:0.8736929385033751
sigma_26:0.341772957319301
sigma_27:-0.2638633657747884
sigma_28:-0.28671626039562437
sigma_29:0.11164429266487419
sigma_30:-0.3515262769829196
sigma_31:1.165902782318196
sigma_32:0.20983993634585235
sigma_33:1.4377994203369753
sigma_34:-1.7645949362947928
sigma_35:0.2903136694102051
sigma_36:-0.7159585330790993
sigma_37:-0.9264246106128246
sigma_38:2.0352949754734744
sigma_39:0.5157518717342777
sigma_40:-0.41311765350329527
sigma_41:1.458634781906313
sigma_42:-0.21745747215514616
sigma_43:0.4016299654960873
sigma_44:-0.06337843534747765
sigma_45:-0.5960206673013846
sigma_46:1.8775807275329923
sigma_47:0.02061246155962203
sigma_48:-0.2788446430560557
sigma_49:-0.05809920780812735
sigma_50:1.1906045776643877
sigma_51:1.1281519314394666
sigma_52:-1.882473317567061
sigma_53:0.5857570998717282
sigma_54:-0.4007493648780175
sigma_55:-0.4409460860614778
sigma_56:-2.8719937135580884
sigma_57:0.7183356002030288
sigma_58:-1.0107771700026886
sigma_59:0.31625393117213885
sigma_60:-0.25023965861450587
sigma_61:2.1479122426995167
sigma_62:-0.8516216257923847
sigma_63:1.0820059616516198
sigma_64:0.9799675677738651
sigma_65:0.8294585381487899
sigma_66:1.0678444524519237
sigma_67:-1.168830417315719
sigma_68:-0.8801635380457631
sigma_69:-0.8620008896700951
sigma_70:0.7583641890808233
sigma_71:-1.2092251478678235
sigma_72:-0.726842606121236
sigma_73:-0.6511802882949418
sigma_74:-1.2051691493105765
sigma_75:-0.14915102927396007
sigma_76:0.37013045012752777
sigma_77:-0.30251424983444103
sigma_78:1.025941076975087
sigma_79:0.58370467650874
sigma_80:0.6756715235111543
sigma_81:0.6706079822817655
sigma_82:1.1533200227481764
sigma_83:0.628530122477491
sigma_84:1.448644818653239
sigma_85:1.6439526782610177
sigma_86:-0.04101385926563488
sigma_87:-0.9944447170567743
sigma_88:0.5017473960193947
sigma_89:2.1936298569625836
sigma_90:-1.8842864725587702
sigma_91:-0.7790623381140784
sigma_92:-0.014400023912022605
sigma_93:-0.46694873821096083
sigma_94:0.4209328049435406
sigma_95:-0.5442639373565683
sigma_96:-2.430645856994908
sigma_97:1.4139776729946596
sigma_98:-1.2929071662286504
sigma_99:-0.04941094719331233
