sigma_0:-1.814248059291793
sigma_1:0.6636115071721245
sigma_2:-0.28206025190748246
sigma_3:0.5357254104669215
sigma_4:-0.43628225166665047
sigma_5:-0.02894384127859117
sigma_6:0.3805068722092714
sigma_7:0.22112228007661996
sigma_8:0.7122706181745867
sigma_9:-1.4544125467484212
sigma_10:0.9715979757248108
sigma_11:-0.4107926113808881
sigma_12:1.0131435201451489
sigma_13:1.1970613483880745
sigma_14:0.4413331045581757
sigma_15:-0.20792776263608678
sigma_16:-0.4236405003246668
sigma_17:0.11882729833565059
sigma_18:-0.3062129584885506
sigma_19:-1.6495717152528873
sigma_20:-0.47005753022704166
sigma_21:-1.5589166553556706
sigma_22:0.054404741257632575
sigma_23:-0.5736113215877475
sigma_24:-0.6217136631259733
sigma_25:0.8356765776455799
sigma_26:-0.33699380762155673
sigma_27:-1.3827595565314372
sigma_28:0.3536467466026192
sigma_29:0.552171050334833
sigma_30:-1.9450527177334385
sigma_31:-0.6940143732216889
sigma_32:-0.1988040439216961
sigma_33:1.924743508696154
sigma_34:0.16530766224764482
sigma_35:-1.1193770963555496
sigma_36:-0.7848778874607322
sigma_37:-0.5733901028425336
sigma_38:-0.5346693542536373
sigma_39:-0.8925049273725383
sigma_40:-1.473923444990666
sigma_41:0.6869810618298574
sigma_42:-1.5176833393826747
sigma_43:-1.224705489060707
sigma_44:0.1446387365659022
sigma_45:-0.28519268454756447
sigma_46:-0.6032339171986273
sigma_47:-0.20051229292688214
sigma_48:-0.15237593725775966
sigma_49:-1.2656992584918678
sigma_50:-1.767416272151735
sigma_51:0.49394719806576004
sigma_52:2.3336833341385006
sigma_53:1.0744060386697778
sigma_54:-0.42958501650836006
sigma_55:-1.3205917403103613
sigma_56:0.5260959220387351
sigma_57:-1.3865711699995416
sigma_58:-0.18020715394816678
sigma_59:0.3043646692928925
sigma_60:1.489579813568692
sigma_61:-0.4503874587760836
sigma_62:-0.4890690303389565
sigma_63:-0.723606334743543
sigma_64:-0.2587903178360817
sigma_65:0.19564334323808105
sigma_66:0.14548600777544166
sigma_67:1.6353503107193832
sigma_68:0.21022618703407878
sigma_69:0.25869956248488213
sigma_70:-1.3273948663317017
sigma_71:-1.230186157599685
sigma_72:-0.08722623600108649
sigma_73:-1.3778485187965643
sigma_74:-1.0630879922616647
sigma_75:-0.07214359219259361
sigma_76:-0.402989051952654
sigma_77:-0.26857597875918016
sigma_78:-1.27384776026446
sigma_79:0.8129724854351955
sigma_80:-0.3686388840011913
sigma_81:0.5824763862510356
sigma_82:1.2432044203364951
sigma_83:0.23062541869958716
sigma_84:-0.33553122169956345
sigma_85:0.24195020613852475
sigma_86:-0.5926259028054321
sigma_87:0.7141546363866238
sigma_88:-1.190083805379673
sigma_89:1.3574236314657557
sigma_90:-0.5998231851903147
sigma_91:-0.5301133823677876
sigma_92:0.5697507380580128
sigma_93:-0.01059938073193491
sigma_94:-0.5833948752628629
sigma_95:-0.727251812861395
sigma_96:-0.29676765084083995
sigma_97:1.2382058981602555
sigma_98:-0.10220450293468078
sigma_99:0.03630928847142353
