sigma_0:0.25711798831239263
sigma_1:-1.8985529902952145
sigma_2:-1.257612155967683
sigma_3:-0.28329836906974293
sigma_4:0.10971207054100499
sigma_5:1.619804861257245
sigma_6:-1.3897749737651286
sigma_7:0.4971681804130433
sigma_8:1.2849029681823483
sigma_9:0.9398084503059655
sigma_10:-0.1709164333191385
sigma_11:0.3974680102897221
sigma_12:1.1401207367665949
sigma_13:1.1740917088985832
sigma_14:1.8014389825587764
sigma_15:-0.792138577772962
sigma_16:1.8896441642270778
sigma_17:-0.4622701799134864
sigma_18:0.6719863667011032
sigma_19:-0.3767875335427707
sigma_20:1.7601335688125495
sigma_21:-0.02861774624596746
sigma_22:-0.10312573384093496
sigma_23:1.1486341626548309
sigma_24:-1.1712291738065488
sigma_25:-0.6166451670390346
sigma_26:-0.004344456536188164
sigma_27:-0.430647582265007
sigma_28:-2.7855820489854617
sigma_29:-0.19776057594500776
sigma_30:0.06755428053645125
sigma_31:-0.4985282540241881
sigma_32:-1.6303684785730357
sigma_33:-1.1945898934156653
sigma_34:0.9797791444320968
sigma_35:-0.7544023205908162
sigma_36:-0.1977851104809156
sigma_37:-0.1412318283325941
sigma_38:-1.1123606269018478
sigma_39:-0.7028166612487615
sigma_40:1.0709088920855911
sigma_41:1.802850928969721
sigma_42:3.127308487666599
sigma_43:-0.5631235517296828
sigma_44:0.3158692596052547
sigma_45:-0.7909528909631093
sigma_46:-0.376181162615415
sigma_47:1.2355128527445551
sigma_48:-1.048338171098621
sigma_49:-0.015854547960559774
sigma_50:1.5755751090519858
sigma_51:-0.6550917863562776
sigma_52:-0.43883713988856154
sigma_53:1.6396427769670032
sigma_54:-0.46080431964471025
sigma_55:0.3665362401890252
sigma_56:1.0003961923645117
sigma_57:0.7181512387770983
sigma_58:-0.938833883882539
sigma_59:-0.535369406493129
sigma_60:-0.7947598041290905
sigma_61:-2.289626335301061
sigma_62:-1.0251694796537114
sigma_63:-2.7130064339962088
sigma_64:-0.24077606009846897
sigma_65:-1.60471203260336
sigma_66:-0.5866193092680457
sigma_67:-0.16040307675474863
sigma_68:-1.5295129362592175
sigma_69:-0.1562612364522191
sigma_70:-0.9132220755533704
sigma_71:-1.272742096235329
sigma_72:0.256514295847753
sigma_73:-0.42856722207794207
sigma_74:-0.13404323561199777
sigma_75:-1.270500883553453
sigma_76:-0.8460658531766594
sigma_77:0.295769372046158
sigma_78:-0.7459669475704503
sigma_79:0.5600935639917367
sigma_80:0.6894136044697633
sigma_81:2.7266820108665826
sigma_82:0.8078094304681708
sigma_83:1.3475310728030359
sigma_84:-0.8524762992151075
sigma_85:0.47374149835160684
sigma_86:-0.009701541519342008
sigma_87:0.7685697463801892
sigma_88:0.5424673106995347
sigma_89:0.2018757446911775
sigma_90:0.2627023309696095
sigma_91:1.0409219306050606
sigma_92:0.0729873019247768
sigma_93:0.51664384681224
sigma_94:0.008172338832068854
sigma_95:1.3199476637960401
sigma_96:-0.5414579374373912
sigma_97:-0.09421769967508425
sigma_98:0.4230940577110404
sigma_99:1.2395746358791708
