sigma_0:-0.14405887411827828
sigma_1:-1.1087233542023731
sigma_2:0.7360033499457664
sigma_3:-1.3009248750219142
sigma_4:0.19355306392473906
sigma_5:1.5719467679428152
sigma_6:1.4083912296699062
sigma_7:-1.3729717381509052
sigma_8:0.7484719398525854
sigma_9:0.9608383652272419
sigma_10:0.8937842333811923
sigma_11:-0.4172088205256307
sigma_12:-1.1744994592966769
sigma_13:-0.8607800415453248
sigma_14:-0.8984853060877963
sigma_15:-0.9514369900156502
sigma_16:0.22844795754887484
sigma_17:-1.4482428096792095
sigma_18:0.26066477263093185
sigma_19:-0.1209678775069793
sigma_20:-0.46006466912365224
sigma_21:-0.7194998920025464
sigma_22:0.5949280769925579
sigma_23:-0.5185753019171168
sigma_24:-0.6846458638945045
sigma_25:-1.854937717956682
sigma_26:0.155610998742204
sigma_27:-1.2785559316429014
sigma_28:-1.9381853297963023
sigma_29:0.8496375008096181
sigma_30:-0.09425668870220832
sigma_31:1.0086365900554868
sigma_32:0.23436263991555112
sigma_33:1.6809523561646997
sigma_34:0.18121090609326695
sigma_35:-0.7049022875548119
sigma_36:0.489268088805809
sigma_37:-0.19747415510666533
sigma_38:-0.7929220008203227
sigma_39:-1.0535522055694173
sigma_40:-0.0035360294960376333
sigma_41:-0.39564475796662263
sigma_42:-0.7439405042035934
sigma_43:1.5668710892694622
sigma_44:1.5410015589772885
sigma_45:-0.16039039555966736
sigma_46:-1.1999053032504952
sigma_47:-0.1467397051639169
sigma_48:-0.17345932112361992
sigma_49:0.5589703851823508
sigma_50:-0.023062643417710364
sigma_51:1.448953201973781
sigma_52:-1.4346527892189538
sigma_53:1.2385607594735484
sigma_54:-0.8218550490579406
sigma_55:-0.8370522612876274
sigma_56:1.8378236976779538
sigma_57:0.12496418748141408
sigma_58:-0.42882456207719133
sigma_59:-0.140943813269825
sigma_60:-0.3705580783565404
sigma_61:-0.14882886423773184
sigma_62:1.0979108654101262
sigma_63:0.5685589751402362
sigma_64:0.730622547144516
sigma_65:-3.097701821641625
sigma_66:0.9125598159732994
sigma_67:1.9924419920424632
sigma_68:-0.20719211984555388
sigma_69:-2.1294668333352345
sigma_70:0.776236386359837
sigma_71:0.45178928440087884
sigma_72:-1.388131343707954
sigma_73:-1.0943268252747267
sigma_74:-1.6932151047288129
sigma_75:0.23413400863642814
sigma_76:-1.1626646478817844
sigma_77:-0.19486497974719272
sigma_78:0.5068163121309117
sigma_79:-0.6512942083799672
sigma_80:-1.8960687189910477
sigma_81:-0.6365363349327168
sigma_82:-0.6787415195353772
sigma_83:-0.6902389107863394
sigma_84:1.5210499944079556
sigma_85:0.894826673993856
sigma_86:0.3019582205778014
sigma_87:-1.4427887159607684
sigma_88:1.0493546282523778
sigma_89:-1.6732446262383331
sigma_90:0.8451908929319948
sigma_91:0.6024451549497765
sigma_92:-0.48409105641217903
sigma_93:-1.8339811768589176
sigma_94:0.12482001427513985
sigma_95:-1.4621479555407388
sigma_96:-0.7531833486900418
sigma_97:0.34249441353989035
sigma_98:0.727334558780301
sigma_99:-1.5535264840950582
