sigma_0:-0.20148977842857366
sigma_1:-0.6428449726657876
sigma_2:0.714885479334901
sigma_3:0.1876188257947892
sigma_4:0.2661341117095871
sigma_5:0.7384817139584526
sigma_6:1.7513356996335365
sigma_7:0.5356620843913649
sigma_8:-1.1801426685475835
sigma_9:-0.11689024870323166
sigma_10:1.4598365969907452
sigma_11:1.4677298148437123
sigma_12:-0.38218811694247684
sigma_13:-0.12615477266727232
sigma_14:-0.343942540364076
sigma_15:-1.1155582850565626
sigma_16:-0.5137356151251318
sigma_17:0.30851357761308446
sigma_18:-1.151149312041292
sigma_19:0.19329046038216588
sigma_20:2.1364084330298114
sigma_21:-0.290158531748635
sigma_22:1.4539763086156352
sigma_23:-0.9413905609822558
sigma_24:-1.0205348596290225
sigma_25:-1.1734531450467467
sigma_26:-2.947051774136853
sigma_27:0.7483734905991838
sigma_28:-2.3058307861196434
sigma_29:2.5827166774996178
sigma_30:-0.069217591951692
sigma_31:-0.5028013215469855
sigma_32:0.14318371605273258
sigma_33:-0.16838409812898986
sigma_34:-1.1128898344142073
sigma_35:1.5769831873693807
sigma_36:1.9111685980291544
sigma_37:0.1368812810532545
sigma_38:-1.4954817398235305
sigma_39:0.6547135861785846
sigma_40:-1.3872739960352103
sigma_41:-0.14729736381632705
sigma_42:1.7466413931729945
sigma_43:0.467980707285516
sigma_44:-1.4820204552836254
sigma_45:-1.0501494163066891
sigma_46:1.3857699491396427
sigma_47:-0.7322630371331342
sigma_48:-0.09178504145469092
sigma_49:0.24463981687754136
sigma_50:0.24933532717942503
sigma_51:-0.3836243445650035
sigma_52:0.9833274066684221
sigma_53:-0.4777073853119454
sigma_54:0.03609663788726834
sigma_55:0.4738105597681876
sigma_56:-0.9417923548520767
sigma_57:-0.8701119733885319
sigma_58:-0.8640061129654789
sigma_59:-1.1480100556232662
sigma_60:-0.5075374759114516
sigma_61:1.0997818154637704
sigma_62:1.3824810008952113
sigma_63:0.8039367915636778
sigma_64:-1.0602795735207087
sigma_65:0.4023575112065653
sigma_66:0.653033847852767
sigma_67:0.5487784381949954
sigma_68:0.7603488311019548
sigma_69:-0.1926898526531863
sigma_70:-0.675473698887475
sigma_71:0.47966883088077483
sigma_72:0.5550089404676586
sigma_73:-0.9215002272294973
sigma_74:0.06745491086215753
sigma_75:0.15120138948390546
sigma_76:-0.28641512723872414
sigma_77:1.3833331457353408
sigma_78:-0.6776032395305855
sigma_79:-0.4360610806408384
sigma_80:-2.020846725702306
sigma_81:-0.0009331830386637388
sigma_82:-0.8240510057880446
sigma_83:-1.800699312165314
sigma_84:0.5772768598837705
sigma_85:0.023080660889217865
sigma_86:-1.063068357607302
sigma_87:0.8057352013049108
sigma_88:-1.4657930050159953
sigma_89:0.3128766118963903
sigma_90:-0.01633431307450015
sigma_91:0.03331106545017873
sigma_92:-0.16491230997982398
sigma_93:-1.5664340092137885
sigma_94:-1.993068469346598
sigma_95:0.16310845872633098
sigma_96:-1.1581199272181977
sigma_97:0.4756567016723849
sigma_98:-2.684742507174776
sigma_99:-0.8870893913931489
