sigma_0:-0.2787196086457751
sigma_1:-1.287188484918205
sigma_2:0.09035603991295199
sigma_3:1.6195436117339495
sigma_4:0.7714916413910972
sigma_5:-1.8885413088912002
sigma_6:-0.42759745156045
sigma_7:-1.0796158133025513
sigma_8:-0.7755135505241363
sigma_9:-1.7063850805392224
sigma_10:-2.2929448982135137
sigma_11:1.3536869575309864
sigma_12:-0.05768416170527143
sigma_13:1.7588367914588838
sigma_14:0.7145019271880608
sigma_15:0.2112212554534714
sigma_16:2.2917147551313937
sigma_17:-1.0487443904673017
sigma_18:0.2062433289503902
sigma_19:-2.2316995970670384
sigma_20:0.08594059605917904
sigma_21:0.01856093561000874
sigma_22:-1.0395585332207566
sigma_23:0.9688131067955768
sigma_24:-0.6955854066500752
sigma_25:1.629267907238639
sigma_26:-1.5711316469862027
sigma_27:0.4263200268763759
sigma_28:-0.10543307542674785
sigma_29:1.0021172238074316
sigma_30:1.3030563177754189
sigma_31:0.7141619263765783
sigma_32:0.3713519104413055
sigma_33:1.3842603859647518
sigma_34:-2.119814939354874
sigma_35:1.343563449529421
sigma_36:0.33787760337260697
sigma_37:0.4994850102053941
sigma_38:-2.167411499834506
sigma_39:1.3632081614857654
sigma_40:0.5201691425586012
sigma_41:0.3549961073011331
sigma_42:-1.8897974518136964
sigma_43:0.23503246116768103
sigma_44:0.48151881556662346
sigma_45:-0.28988171409227376
sigma_46:0.9703253633270165
sigma_47:-1.1407869642939532
sigma_48:0.306209780829806
sigma_49:0.8234163219692063
sigma_50:0.3590772124708554
sigma_51:-0.47994797074145573
sigma_52:-1.009928539512721
sigma_53:-1.2018407080847908
sigma_54:-0.6565134582881623
sigma_55:0.31499065232195395
sigma_56:-0.6156692842051896
sigma_57:1.219851933365033
sigma_58:-0.6347526135455448
sigma_59:1.4202150918018732
sigma_60:0.03617790600769131
sigma_61:-0.9003756921614612
sigma_62:0.507320326042577
sigma_63:0.18576391364570344
sigma_64:-1.1218605669656856
sigma_65:-0.6110830033159407
sigma_66:-1.261894632182422
sigma_67:1.8812298773761873
sigma_68:-0.05951682308991063
sigma_69:0.031103460918615433
sigma_70:-0.7619006113715181
sigma_71:-0.48469621042765143
sigma_72:0.43377750257104253
sigma_73:2.3601716574856133
sigma_74:0.8099873877021875
sigma_75:-0.8213601146364943
sigma_76:1.2227929010999583
sigma_77:-0.40130973738241954
sigma_78:-0.4365360041385967
sigma_79:-1.1802603750786227
sigma_80:0.2650891857789119
sigma_81:0.7889827515525956
sigma_82:0.7150589197432534
sigma_83:0.9873740144935561
sigma_84:-0.32556162311774967
sigma_85:-0.6633647453047302
sigma_86:0.05005558114194469
sigma_87:0.8004783361289624
sigma_88:1.2524158464136934
sigma_89:-1.4664155468273206
sigma_90:-1.5417707959811588
sigma_91:0.05611266164184496
sigma_92:-0.6081707686722538
sigma_93:0.9278834817630848
sigma_94:1.0850598962121265
sigma_95:0.029498821220918535
sigma_96:1.547119326949303
sigma_97:-0.5119565555027853
sigma_98:-0.09413338569234847
sigma_99:2.264167914353751
