sigma_0:-2.9009102932002238
sigma_1:0.12702717384671944
sigma_2:-1.4264512746667763
sigma_3:-0.6892113138234568
sigma_4:1.8088780959990154
sigma_5:2.0487889199727602
sigma_6:0.84921398705154
sigma_7:-1.6754157366208842
sigma_8:-1.147121008289651
sigma_9:1.038960228051194
sigma_10:-1.504467002713769
sigma_11:-0.9157184008091873
sigma_12:-0.9153436376774424
sigma_13:1.2847405276053476
sigma_14:0.9314265774354243
sigma_15:0.38440760797595974
sigma_16:0.5522784627635716
sigma_17:-1.9784088812462461
sigma_18:-0.9999103402958734
sigma_19:-1.3943856128879644
sigma_20:-1.3120226257032082
sigma_21:-0.7209523307798188
sigma_22:1.2517194203542998
sigma_23:-0.5497580421027972
sigma_24:-0.8707917543657959
sigma_25:1.382707283077059
sigma_26:-1.3173575281599665
sigma_27:-0.6908486580652125
sigma_28:-1.7581204492048914
sigma_29:1.4487698185219424
sigma_30:0.17241824723241347
sigma_31:0.9011725180575008
sigma_32:0.7089259544146574
sigma_33:1.7666326576450644
sigma_34:2.390792661819539
sigma_35:-1.0803226249346023
sigma_36:1.4112615698731814
sigma_37:-0.027969285257483694
sigma_38:0.5300318656967832
sigma_39:1.1230675687792933
sigma_40:-0.6760878108772881
sigma_41:-0.354880851163642
sigma_42:1.6173354716017105
sigma_43:-0.7328005678393782
sigma_44:-0.8604083202710341
sigma_45:1.0733274987848014
sigma_46:1.807403338097962
sigma_47:0.28346400979699843
sigma_48:0.23257688012277689
sigma_49:0.4196037227174227
sigma_50:-2.0090429059321373
sigma_51:-0.5437349087181415
sigma_52:-0.35760379726000613
sigma_53:-0.35415720129259165
sigma_54:1.1550686118463822
sigma_55:-0.594993370900872
sigma_56:1.2793115916419784
sigma_57:-0.29433494107099156
sigma_58:-1.6371871009922565
sigma_59:1.1976061437905023
sigma_60:0.9096936969936508
sigma_61:1.3628948458572696
sigma_62:-0.02804278280655364
sigma_63:-0.3220165388654353
sigma_64:-1.854824729517404
sigma_65:1.0841910212306398
sigma_66:2.2503110727941222
sigma_67:1.1365789783091989
sigma_68:0.5471671008363206
sigma_69:-0.3256332678365457
sigma_70:-2.322164891537563
sigma_71:-0.30518468262533294
sigma_72:0.07137814466772738
sigma_73:0.08826209448833525
sigma_74:0.7516326600585604
sigma_75:-0.16776075517974381
sigma_76:-0.24130655031671466
sigma_77:1.1943287693566282
sigma_78:2.328616206938041
sigma_79:0.07582271915542599
sigma_80:0.9601118144433287
sigma_81:-0.1723210567250184
sigma_82:1.3057402174407178
sigma_83:1.3710525198025263
sigma_84:0.7988419041284223
sigma_85:-0.5224850548700701
sigma_86:1.141425070342582
sigma_87:-0.0038813689943353715
sigma_88:0.19237440906226208
sigma_89:0.5717758399043521
sigma_90:1.0009869072552233
sigma_91:1.7703454533726177
sigma_92:0.08212130576425544
sigma_93:-0.6535571767762358
sigma_94:-0.06500889526313668
sigma_95:-0.9168001505078107
sigma_96:2.0372955344418484
sigma_97:1.0347387512417223
sigma_98:0.024531658200839263
sigma_99:2.317250963960654
