sigma_0:-0.28035060507055404
sigma_1:1.7772102075631642
sigma_2:0.32802517951452637
sigma_3:0.2516076365810102
sigma_4:-2.0257529124572153
sigma_5:0.0015511943083238275
sigma_6:-0.0956597826478052
sigma_7:0.2356272438060017
sigma_8:0.5066880123144833
sigma_9:0.8675761402407163
sigma_10:-0.6663527779604747
sigma_11:0.7422980494074767
sigma_12:-1.7006005871877374
sigma_13:0.7756977307317454
sigma_14:1.3622710193345364
sigma_15:-0.28302836225128103
sigma_16:-0.24996654436274873
sigma_17:-0.11934057958421106
sigma_18:-0.46916844303195354
sigma_19:-0.46575433755200596
sigma_20:0.6194051004230045
sigma_21:-1.412342765334186
sigma_22:-0.6869205021503784
sigma_23:0.29366636409976454
sigma_24:0.16938231424571193
sigma_25:-0.040535783240704774
sigma_26:0.22800815775356728
sigma_27:-1.231298615711671
sigma_28:1.3607640010507995
sigma_29:-0.8431991526285402
sigma_30:-0.7096325899250727
sigma_31:-0.7441735577849007
sigma_32:0.516806202678767
sigma_33:-0.589310837190652
sigma_34:0.15351432256691472
sigma_35:0.871280428728956
sigma_36:1.2006578602982145
sigma_37:0.008753089946603922
sigma_38:1.4765959019266233
sigma_39:1.1153719522106846
sigma_40:2.3197234667652284
sigma_41:0.4992434523310041
sigma_42:0.013340467892424109
sigma_43:0.7615215151041036
sigma_44:-0.512215713027158
sigma_45:-0.26569480255550415
sigma_46:-1.1569480832727765
sigma_47:-0.887726486323238
sigma_48:-0.46815192430173236
sigma_49:2.679661190119468
sigma_50:0.7935628569171578
sigma_51:-0.8634648590077978
sigma_52:-0.7834047137468277
sigma_53:0.09504369145402103
sigma_54:-1.1440310863243368
sigma_55:-1.232556969830822
sigma_56:-0.3737573466731663
sigma_57:0.8482808682364595
sigma_58:0.6461178035418961
sigma_59:-1.0749344783659187
sigma_60:1.098203987167351
sigma_61:-1.1551845020397125
sigma_62:0.2746920660850542
sigma_63:-0.3471740365483152
sigma_64:1.0493167671627601
sigma_65:0.404087293779404
sigma_66:1.915820018097551
sigma_67:-0.5776883946949456
sigma_68:-0.5490033984351431
sigma_69:0.12516284929999788
sigma_70:1.1745512313488786
sigma_71:-1.7678417258453971
sigma_72:2.8406914354048567
sigma_73:1.1070419961849802
sigma_74:-0.8015623987606446
sigma_75:0.5727943091385028
sigma_76:0.4692016552962845
sigma_77:3.1915091197514096
sigma_78:1.5617253077721318
sigma_79:0.22612436452621762
sigma_80:1.0037106967923048
sigma_81:0.4594375568528004
sigma_82:-0.5033749415469585
sigma_83:1.1306914046692713
sigma_84:0.5533553093762896
sigma_85:0.14378949792359413
sigma_86:-0.15270956842280098
sigma_87:1.7552070204208978
sigma_88:1.3807843032481166
sigma_89:0.6770928793530812
sigma_90:1.1343748688171742
sigma_91:-1.1338955245802163
sigma_92:-0.7367525886056788
sigma_93:1.251644065710971
sigma_94:-1.385425405390126
sigma_95:-0.582949416095918
sigma_96:0.2164716609542851
sigma_97:0.283681999548137
sigma_98:-1.634776325676096
sigma_99:-0.5155238678637456
