sigma_0:0.8885918392871797
sigma_1:-0.03421077896079737
sigma_2:1.5451639777454378
sigma_3:1.7081781616505767
sigma_4:2.578261349476239
sigma_5:0.617065247815854
sigma_6:-0.8347639793366894
sigma_7:1.126272841603833
sigma_8:-1.2530966967737218
sigma_9:0.7530913495659977
sigma_10:-1.6650468298154133
sigma_11:0.39342815322589564
sigma_12:0.5348519495245173
sigma_13:0.329814094799066
sigma_14:-0.4340944301282191
sigma_15:0.1069120581101142
sigma_16:0.3171591265791799
sigma_17:0.29599775638218095
sigma_18:0.29902777413987336
sigma_19:-0.06970613721915586
sigma_20:0.9698932236749956
sigma_21:-0.43320757395417064
sigma_22:0.45598358530622934
sigma_23:-0.7936855628328077
sigma_24:0.22529926485484883
sigma_25:-1.1665001200092164
sigma_26:0.7619168444638971
sigma_27:-1.233845717634847
sigma_28:-0.9619992650035888
sigma_29:0.8133466888497467
sigma_30:0.3546292750357414
sigma_31:-1.922792506296222
sigma_32:-0.3429585576276119
sigma_33:0.3793504080057103
sigma_34:-0.6296889835244213
sigma_35:0.8141656606025574
sigma_36:-0.8718302164990067
sigma_37:1.3017224559382103
sigma_38:-0.05753246831107718
sigma_39:1.3288809395558587
sigma_40:0.515155551831554
sigma_41:-0.557350061007073
sigma_42:-0.35837305007528536
sigma_43:1.322632766535872
sigma_44:-0.16923585620814915
sigma_45:-0.2707038290214789
sigma_46:0.5779846173530397
sigma_47:1.0701639288246265
sigma_48:-0.6627076518950874
sigma_49:0.17975773441394427
sigma_50:0.5244125174721999
sigma_51:-1.3211475417404284
sigma_52:-0.5344210336366908
sigma_53:-0.43136826625784713
sigma_54:-1.8295143205541735
sigma_55:2.3870307294042092
sigma_56:0.727984648367965
sigma_57:0.37331672083677336
sigma_58:0.5026737589424403
sigma_59:0.0640303705316975
sigma_60:0.15132192347854048
sigma_61:0.6443775287043101
sigma_62:1.2699572216992578
sigma_63:-1.9983641940411976
sigma_64:-0.34654505985841916
sigma_65:-0.6074839574720191
sigma_66:0.5867023073147092
sigma_67:-0.023804007872466226
sigma_68:-0.5724561103942188
sigma_69:0.3372112791506285
sigma_70:1.3313036956191588
sigma_71:1.6371719649262606
sigma_72:0.7010081475219596
sigma_73:-0.27098711229943423
sigma_74:-0.3181233410309526
sigma_75:-0.4177131948541934
sigma_76:0.6897548086506606
sigma_77:-1.084106126978841
sigma_78:-0.765528217959239
sigma_79:-1.0108572583410194
sigma_80:0.1218641545372058
sigma_81:-2.1976088072780264
sigma_82:-0.9087796645051341
sigma_83:0.7426179775893638
sigma_84:-2.4340589145360823
sigma_85:-0.2650849385489869
sigma_86:0.6143491672959525
sigma_87:-1.6067105510084414
sigma_88:-0.9530041903299221
sigma_89:-0.30511370019275386
sigma_90:0.157615750768903
sigma_91:0.1953264124686101
sigma_92:0.9009602943675792
sigma_93:2.24651056110651
sigma_94:-0.5463614878774369
sigma_95:-0.6498562158778369
sigma_96:-0.3900352405679886
sigma_97:-0.3997315061606304
sigma_98:0.49861069081968623
sigma_99:1.1350292843914567
