sigma_0:-0.49120700947411877
sigma_1:0.327274359362961
sigma_2:0.10866939162517174
sigma_3:1.1998524244447664
sigma_4:-2.241851544044262
sigma_5:0.017445198396172135
sigma_6:0.3684696195030281
sigma_7:-0.11503009280175604
sigma_8:-1.0533446438342668
sigma_9:0.5066800136985252
sigma_10:0.08042275400104414
sigma_11:-1.4701397699165712
sigma_12:-0.45260652266277335
sigma_13:-1.6089997431328127
sigma_14:0.400699145073723
sigma_15:0.6026677174826887
sigma_16:-2.1446303533097955
sigma_17:1.6163659647136057
sigma_18:-0.6896902150567523
sigma_19:1.4887944839964131
sigma_20:-0.17027714766778804
sigma_21:-0.15188025167756974
sigma_22:2.8045885055944697
sigma_23:0.2725375921065041
sigma_24:-0.4948307019827558
sigma_25:-1.3650323901984296
sigma_26:0.06914526993420982
sigma_27:-1.3296530034604528
sigma_28:2.261474259843379
sigma_29:1.199111261904606
sigma_30:0.5896580270369337
sigma_31:-1.8938286558642927
sigma_32:0.7502635381327166
sigma_33:1.061190726011707
sigma_34:-0.6924415196072499
sigma_35:0.21203291555273404
sigma_36:0.795522214718297
sigma_37:0.6238221613932367
sigma_38:1.5018243656588255
sigma_39:1.2212008200004905
sigma_40:1.1756543010633884
sigma_41:1.0540789976364915
sigma_42:-1.0466938668818855
sigma_43:1.9434751098535408
sigma_44:2.285647496598462
sigma_45:-0.3058080175005417
sigma_46:0.022036449351041563
sigma_47:-1.017107593091087
sigma_48:-0.06301056244099963
sigma_49:-1.7286270323737911
sigma_50:0.4559841278729053
sigma_51:-0.5290375620174352
sigma_52:0.5746822126503457
sigma_53:0.3336319046468294
sigma_54:-0.027209126262417126
sigma_55:-0.7802029131261069
sigma_56:-0.2433421209026754
sigma_57:-0.220273357532741
sigma_58:-0.06721779441879482
sigma_59:-1.8242932699407115
sigma_60:0.15003704720319205
sigma_61:-0.030728380823560664
sigma_62:-0.9024884678290312
sigma_63:0.6356831087995953
sigma_64:0.47427779959252947
sigma_65:0.7465073442141055
sigma_66:-0.5030744846034626
sigma_67:0.6018869181818192
sigma_68:-1.5519148074369344
sigma_69:0.6781985495140012
sigma_70:-2.2906476755344585
sigma_71:-1.141843262674996
sigma_72:-0.9946036308038949
sigma_73:1.217483901176652
sigma_74:-0.5308893209805685
sigma_75:-0.6687034551973675
sigma_76:-0.7333411201554757
sigma_77:-0.41020972526009875
sigma_78:-0.12492686077848597
sigma_79:-0.5167065079524966
sigma_80:-1.0100972628768452
sigma_81:0.954479792637853
sigma_82:1.7376124749353126
sigma_83:0.3260051652167589
sigma_84:-0.2561794304322436
sigma_85:2.6470501750377258
sigma_86:0.8666875504103203
sigma_87:0.6421823341036502
sigma_88:-0.44577330438242085
sigma_89:-0.30092218384483505
sigma_90:-1.2729644728451108
sigma_91:0.41848500307606595
sigma_92:-1.7785622782977069
sigma_93:-2.169047306141173
sigma_94:0.5729086417453851
sigma_95:1.2485678204569746
sigma_96:0.43058178013726384
sigma_97:-0.27053021976584474
sigma_98:-0.0061112091716832625
sigma_99:-0.43940310170564706
