sigma_0:-1.507305635191326
sigma_1:2.255719735316719
sigma_2:-0.8638941480222015
sigma_3:-0.8219211469748754
sigma_4:1.5317192457480242
sigma_5:0.0082763515187924
sigma_6:-0.24130922873745952
sigma_7:-0.32661136366308907
sigma_8:0.1960088238133095
sigma_9:-0.30393633421670035
sigma_10:-0.4328707969313717
sigma_11:0.5431782305444018
sigma_12:-1.955188714072495
sigma_13:-1.4910257853447533
sigma_14:-0.8863496708020258
sigma_15:0.665926931704717
sigma_16:-0.4023296294559941
sigma_17:0.8443391498665995
sigma_18:0.1056904338326056
sigma_19:-0.16834761824337696
sigma_20:-0.31524893589188857
sigma_21:2.660350026480725
sigma_22:-0.5983938876171945
sigma_23:-1.2101953783844763
sigma_24:0.825874122568931
sigma_25:-0.3801856228322225
sigma_26:-0.24138827522435707
sigma_27:0.6129140342133695
sigma_28:-1.257997710928146
sigma_29:-1.6564635728534418
sigma_30:0.27906651180918585
sigma_31:0.15166991057411777
sigma_32:0.3114597282200469
sigma_33:-0.44081476185832635
sigma_34:-1.430436785908012
sigma_35:-0.4761922621007363
sigma_36:0.378462856353518
sigma_37:-1.6360152347742258
sigma_38:0.6589299124319253
sigma_39:3.081969512815926
sigma_40:-0.07863105993877569
sigma_41:0.77710269068067
sigma_42:0.19318934796405304
sigma_43:0.25712980146260206
sigma_44:1.7329289128588758
sigma_45:0.2862034526657968
sigma_46:1.0279075602246626
sigma_47:-1.4588882352871504
sigma_48:-0.3949014517886118
sigma_49:2.1824327451351913
sigma_50:1.4378342225114564
sigma_51:0.8586570368990682
sigma_52:-0.6183406257339771
sigma_53:-1.972121181496967
sigma_54:-0.09356952332243937
sigma_55:-1.3131059827541065
sigma_56:0.2747067510597701
sigma_57:1.4120721592915595
sigma_58:-0.506201268925035
sigma_59:0.4136159637467076
sigma_60:0.1431114532008209
sigma_61:-0.010281342587260007
sigma_62:1.6280469468874887
sigma_63:0.347288455937067
sigma_64:-0.5047059438925904
sigma_65:-0.2840231556791296
sigma_66:-0.6456766702165266
sigma_67:-0.23400839875130183
sigma_68:-0.9869136277945513
sigma_69:-0.6623058901261626
sigma_70:-0.9567228210656149
sigma_71:-1.549912074771302
sigma_72:0.28219315841578435
sigma_73:-0.7536525485487895
sigma_74:0.31150924087134335
sigma_75:0.17406307808655824
sigma_76:-1.370022917902008
sigma_77:0.18906444296220312
sigma_78:-2.1615126825254802
sigma_79:-0.25185803955695857
sigma_80:-0.21072367764064456
sigma_81:1.1903709900562645
sigma_82:1.6347807276693704
sigma_83:1.2709661216944457
sigma_84:0.24593580069553794
sigma_85:-2.0721695687561166
sigma_86:1.2054188722074872
sigma_87:0.4430557787668032
sigma_88:-0.23535637752891428
sigma_89:-0.29045821516547754
sigma_90:0.6226749098771864
sigma_91:1.4378914106930227
sigma_92:-2.2815665557080496
sigma_93:-0.8156045217317505
sigma_94:0.7653445270933533
sigma_95:-1.2461868814746797
sigma_96:1.3041984527172676
sigma_97:0.4934895470232051
sigma_98:2.1694040916676665
sigma_99:0.4294756475191145
