sigma_0:-0.07351595392768759
sigma_1:-1.9390628164936434
sigma_2:-0.2762623098154638
sigma_3:-0.4592293636483634
sigma_4:-0.9241227130674227
sigma_5:-1.2768311595783968
sigma_6:-0.9181587137152406
sigma_7:0.695445596965023
sigma_8:0.4293382166563473
sigma_9:-1.7719960865514868
sigma_10:0.22762687985637056
sigma_11:0.29454321146880386
sigma_12:-0.8585929455595084
sigma_13:-0.159994833608561
sigma_14:0.06833468490612876
sigma_15:-0.8614626111864431
sigma_16:0.7165869844613844
sigma_17:-1.135412050197765
sigma_18:-0.14223785435070022
sigma_19:0.272492188858885
sigma_20:0.3624104730364704
sigma_21:-0.6922551589215211
sigma_22:-0.5570383737256399
sigma_23:-1.6278053167027617
sigma_24:-1.339084433896892
sigma_25:-0.4518799091348353
sigma_26:0.06709578491575244
sigma_27:0.2770641396948932
sigma_28:1.965384062027625e-05
sigma_29:-1.271281885038426
sigma_30:0.9887401094320212
sigma_31:0.7645628016871692
sigma_32:0.8023851898033476
sigma_33:0.057824467968058145
sigma_34:-0.5926817835981036
sigma_35:-0.3465904178131928
sigma_36:-1.4961293034730723
sigma_37:-0.3562506112616387
sigma_38:2.2208447672884124
sigma_39:0.5820733184138636
sigma_40:0.29697373166308044
sigma_41:-0.38448457714267203
sigma_42:-1.0531622003459415
sigma_43:1.5012797530315474
sigma_44:-0.1737165223438327
sigma_45:0.9583360963612078
sigma_46:2.0607896677313318
sigma_47:-0.7446092173256049
sigma_48:-0.6891033903438488
sigma_49:1.1569046819130213
sigma_50:0.7700220813617586
sigma_51:0.5604200946349812
sigma_52:-0.27082168680864177
sigma_53:-0.9652483327334017
sigma_54:2.308888283184986
sigma_55:-1.6924671375240232
sigma_56:1.4880216004923945
sigma_57:-0.6229650128656479
sigma_58:-0.6876352209814331
sigma_59:0.05502883145680288
sigma_60:0.2417334050908795
sigma_61:-1.5921045505393863
sigma_62:-0.7465034564992316
sigma_63:-0.49226891088852615
sigma_64:-0.5317823310433131
sigma_65:0.11321800695471698
sigma_66:1.9260999839818478
sigma_67:0.8064687146020622
sigma_68:0.9327317416456735
sigma_69:0.05964889655690141
sigma_70:0.03991225003617111
sigma_71:0.41060393181435484
sigma_72:-0.5500271965377501
sigma_73:0.15277872384205665
sigma_74:-0.05438293355883128
sigma_75:-0.5822559280567199
sigma_76:-0.6407567983797755
sigma_77:-1.0715432594660173
sigma_78:0.24800925762450715
sigma_79:-0.32999132402125014
sigma_80:1.0637697320003332
sigma_81:-2.5809635698262476
sigma_82:-1.6228508048243457
sigma_83:0.2775424815466369
sigma_84:-0.04903230023531111
sigma_85:-0.266081573879553
sigma_86:-0.40170510944797394
sigma_87:0.12275805148159177
sigma_88:0.5594638182888759
sigma_89:-0.2641004330700773
sigma_90:0.43493729770516143
sigma_91:-0.6001353652638377
sigma_92:1.601221061928394
sigma_93:0.462114529239623
sigma_94:-0.060971476434250625
sigma_95:0.19930828319774058
sigma_96:0.2332809794850189
sigma_97:0.7895454407438082
sigma_98:1.4765191640857769
sigma_99:0.1972062304041419
