sigma_0:-0.09499302935045924
sigma_1:-0.6922057560665643
sigma_2:0.16171370701867063
sigma_3:0.21307354677306567
sigma_4:-0.7182566579964065
sigma_5:-1.1607136290536781
sigma_6:-0.4178222441244857
sigma_7:-0.8853378462043262
sigma_8:0.6906039403144402
sigma_9:-0.6540444563375851
sigma_10:1.0469431534723612
sigma_11:-0.01045302389961152
sigma_12:0.0614322105622851
sigma_13:0.36381514156702494
sigma_14:0.17478703019528688
sigma_15:-0.8139154590045468
sigma_16:-0.30085854913495425
sigma_17:0.011818477196035279
sigma_18:-0.1635845953740739
sigma_19:-1.1520783767780514
sigma_20:1.2246761434818163
sigma_21:-1.0136269056449476
sigma_22:0.8522119086394199
sigma_23:0.584320641590258
sigma_24:-1.019644129322976
sigma_25:-0.458914572450931
sigma_26:0.7052600664996461
sigma_27:-0.8129530370187164
sigma_28:-0.8538539012587244
sigma_29:0.585908887185948
sigma_30:0.6799777150035814
sigma_31:-1.7702871113852605
sigma_32:-0.17771390071676493
sigma_33:0.04924912360915405
sigma_34:-0.9784328478676814
sigma_35:-1.6211946982215875
sigma_36:-0.10261989253885691
sigma_37:1.0822767703560152
sigma_38:-0.333196978765345
sigma_39:-0.4408879046636392
sigma_40:0.1149331875309113
sigma_41:-1.0291233123301837
sigma_42:0.04783383870014389
sigma_43:-1.0739683475700939
sigma_44:-1.4159506910568278
sigma_45:0.7060422850107978
sigma_46:-1.4822846008929775
sigma_47:-1.0900744385635341
sigma_48:0.7384310072981515
sigma_49:-1.3143740802118957
sigma_50:0.01698979302937921
sigma_51:2.5101692950405177
sigma_52:0.7236416819939752
sigma_53:0.5279106792807122
sigma_54:0.05771690299370493
sigma_55:-0.6080596538410273
sigma_56:0.3509993892992846
sigma_57:-1.3285013720876204
sigma_58:-2.681125661832975
sigma_59:-0.757388142921828
sigma_60:-0.45915643261088024
sigma_61:-0.7036082623449109
sigma_62:-1.4734348605616816
sigma_63:-1.0023435059111667
sigma_64:-1.1357700833064552
sigma_65:-1.5357947312767335
sigma_66:0.9939674319156954
sigma_67:0.9758056338746378
sigma_68:0.11712141703487843
sigma_69:2.0335878126534674
sigma_70:1.1230633570790378
sigma_71:-0.34226259529915937
sigma_72:-1.527834268878423
sigma_73:1.5386693745349524
sigma_74:0.4143601244008033
sigma_75:0.8339806264797547
sigma_76:2.2153650513157173
sigma_77:-0.31696671414927746
sigma_78:-0.2267683346243728
sigma_79:-1.1107817711633754
sigma_80:0.26635131371334825
sigma_81:-0.00399622351264776
sigma_82:-0.5317305804631065
sigma_83:-1.1664223140279202
sigma_84:-1.4547636197285772
sigma_85:0.8762598341745438
sigma_86:0.8363345853155764
sigma_87:0.6292119934637428
sigma_88:0.811121011742296
sigma_89:0.023979671399507414
sigma_90:-1.4020040683701653
sigma_91:-0.8514988009689332
sigma_92:-0.35824308891522383
sigma_93:0.6687430412819979
sigma_94:1.3249702017304168
sigma_95:0.2932375452840143
sigma_96:1.8943683231362929
sigma_97:-0.1967362680956947
sigma_98:0.41944923406143775
sigma_99:0.1107011176766823
