sigma_0:-0.5618652269507677
sigma_1:-0.17091422209730814
sigma_2:-0.7071810152079078
sigma_3:0.33990977534951494
sigma_4:0.2501545432262914
sigma_5:-0.3679979159405668
sigma_6:0.4798580972351023
sigma_7:1.5117414892861327
sigma_8:-0.460902916883999
sigma_9:-0.059743048135905856
sigma_10:0.3359405086730374
sigma_11:-0.2883061125062432
sigma_12:-0.8091129772639118
sigma_13:0.1883276009123372
sigma_14:1.0781604295816645
sigma_15:-0.0367442765599268
sigma_16:-0.12301481737925518
sigma_17:-0.3672847796241378
sigma_18:-0.293681198520998
sigma_19:0.6968722776260365
sigma_20:0.18729927524955733
sigma_21:0.6246025871393458
sigma_22:-0.4609800829148861
sigma_23:-2.2791542605804653
sigma_24:-0.25186933765238906
sigma_25:0.6122426161907801
sigma_26:-0.1950832036467838
sigma_27:-0.649878217969669
sigma_28:-0.532151962245772
sigma_29:-1.0228753504749817
sigma_30:0.7647009779608835
sigma_31:-1.1502626254748571
sigma_32:0.0302685160282394
sigma_33:-0.7802205213368507
sigma_34:1.2122809336022715
sigma_35:0.5514651778123432
sigma_36:-0.4060933346812105
sigma_37:0.3431244886379828
sigma_38:0.3390963424804832
sigma_39:0.7995385554582932
sigma_40:-0.08241922691079272
sigma_41:0.3843834503621596
sigma_42:-0.8698724394947146
sigma_43:0.3626018715960323
sigma_44:0.37854132964128595
sigma_45:0.8999234064034468
sigma_46:0.9683996711243914
sigma_47:0.5698216781594423
sigma_48:-1.0456273856881413
sigma_49:-0.21601678144075043
sigma_50:-0.5420726487901196
sigma_51:-1.3003091755665275
sigma_52:2.0501968179054435
sigma_53:-2.2349703280334166
sigma_54:-1.4573874622586014
sigma_55:0.06907617797743526
sigma_56:1.9568147510715899
sigma_57:-0.6991738307070466
sigma_58:-0.9098343694953126
sigma_59:-1.1243992947544017
sigma_60:0.9742740264290356
sigma_61:0.269867242491211
sigma_62:2.1241360546692185
sigma_63:-0.7229476707316282
sigma_64:0.13956562306191034
sigma_65:0.8139742098829618
sigma_66:1.0485518245884096
sigma_67:-1.4915873114042486
sigma_68:-0.5259585409741783
sigma_69:0.8499742810178862
sigma_70:-0.5853633962444091
sigma_71:-0.7295144118633017
sigma_72:-1.1071125880707817
sigma_73:0.3551508085465585
sigma_74:0.7317703988274208
sigma_75:0.9748724354252478
sigma_76:0.8381005217390217
sigma_77:-0.3582077580384722
sigma_78:-0.5793160210212243
sigma_79:0.181536025472086
sigma_80:-1.107402664232754
sigma_81:-0.35878649023150017
sigma_82:-0.30236758718211515
sigma_83:0.18510383233789038
sigma_84:-0.10429629500773582
sigma_85:0.07820228412334355
sigma_86:-0.5301376068351569
sigma_87:-1.665262973390205
sigma_88:-0.08093403762878067
sigma_89:0.005915100971268934
sigma_90:-0.112264120278913
sigma_91:-0.5255093282992561
sigma_92:0.7423655240105774
sigma_93:-0.7935664098708047
sigma_94:-2.039398495787918
sigma_95:0.007345904227566185
sigma_96:-1.6810860512881534
sigma_97:-0.9474139348918452
sigma_98:0.5585967720792678
sigma_99:0.15017032589507756
