sigma_0:1.2376420654246705
sigma_1:-0.16289844566257536
sigma_2:-0.30180580250794303
sigma_3:-0.4131604466237031
sigma_4:0.8049593578188745
sigma_5:-0.2832652000919786
sigma_6:-1.339373672668908
sigma_7:0.5357424332830232
sigma_8:-0.9380124421334338
sigma_9:1.5041563050721973
sigma_10:-2.4769435319272106
sigma_11:-0.012448498940549401
sigma_12:-0.16753779188777654
sigma_13:0.5551306157955204
sigma_14:-1.2081348997718868
sigma_15:0.8842390933745639
sigma_16:0.222386283699236
sigma_17:-1.0052231458708427
sigma_18:1.2523976873386757
sigma_19:-0.4180993457560797
sigma_20:0.899216257012849
sigma_21:1.232157743833042
sigma_22:0.03693567703347446
sigma_23:-0.23381138706686475
sigma_24:0.6547855368824639
sigma_25:2.4464624614363037
sigma_26:1.5678388963417162
sigma_27:0.5284617309421988
sigma_28:0.1315314308186372
sigma_29:0.1058800078077288
sigma_30:1.697218386356428
sigma_31:-0.11496305504808395
sigma_32:-0.8080831780816249
sigma_33:0.4299777937014736
sigma_34:-0.1001621019264179
sigma_35:0.07850297816985441
sigma_36:-1.116023743226395
sigma_37:-0.6252694448498434
sigma_38:-1.4609345981674113
sigma_39:1.4194787649733291
sigma_40:-1.1253387169750315
sigma_41:1.443452526190814
sigma_42:1.1127538925737979
sigma_43:-0.4106724901226356
sigma_44:-0.7784427853880632
sigma_45:-0.16923807736763385
sigma_46:0.8236304480747664
sigma_47:-1.482894179435188
sigma_48:1.34485732707502
sigma_49:0.1578616076019633
sigma_50:-2.504574655813905
sigma_51:0.42147728138980123
sigma_52:-0.3031499002282261
sigma_53:-0.42264895516500267
sigma_54:1.1123971080242718
sigma_55:-0.04638541903449318
sigma_56:-0.2926842109330135
sigma_57:-0.28558414580983327
sigma_58:-0.21188444961624445
sigma_59:0.004753154931514938
sigma_60:-2.2221943392545342
sigma_61:-0.9388736919924778
sigma_62:1.8392286895524859
sigma_63:1.1176955823534656
sigma_64:-0.05156912956327943
sigma_65:-0.8860321642835177
sigma_66:0.2628542016210597
sigma_67:-1.493054496992434
sigma_68:0.44192777337235906
sigma_69:0.6213415891463103
sigma_70:-0.4472303066522374
sigma_71:0.2778710701456554
sigma_72:-0.04208244587218688
sigma_73:0.6577489422778595
sigma_74:2.1355664943180153
sigma_75:-0.014325252241609823
sigma_76:0.13169744670608444
sigma_77:-0.19324443637190603
sigma_78:0.12049114521807405
sigma_79:-1.3833926770583806
sigma_80:1.41006767107873
sigma_81:2.294498337863227
sigma_82:2.2427650598817914
sigma_83:0.4500095300991248
sigma_84:0.573392201612466
sigma_85:0.1105459472386733
sigma_86:1.7822214676839427
sigma_87:-1.2584888796375413
sigma_88:-1.429780425223203
sigma_89:1.3416624186519348
sigma_90:1.5192429698389296
sigma_91:-0.38379738077724973
sigma_92:-0.42407498840722896
sigma_93:-0.09862547944751215
sigma_94:-0.3038554700977609
sigma_95:0.3837099157058176
sigma_96:-0.18116380684587619
sigma_97:0.9197614857490853
sigma_98:1.0482664112971227
sigma_99:-0.38763944949754475
