sigma_0:0.4244737464633677
sigma_1:0.09483143887561574
sigma_2:-0.9865764805205687
sigma_3:0.8723000942643631
sigma_4:-0.8190108343776996
sigma_5:-2.127874528436875
sigma_6:0.32591446024984616
sigma_7:0.8421130522166355
sigma_8:-1.5742165778079629
sigma_9:-1.9933526733729166
sigma_10:1.8547903813112048
sigma_11:-0.8457711071697283
sigma_12:0.8015640529386419
sigma_13:-1.4079002532433276
sigma_14:0.22955870497711525
sigma_15:0.3897244276861575
sigma_16:1.0332642491038018
sigma_17:-0.1106746533216585
sigma_18:-0.932715444948313
sigma_19:-0.03562676285674092
sigma_20:1.6868750854898817
sigma_21:0.4581558053580505
sigma_22:0.5266674477471712
sigma_23:1.6479820729594419
sigma_24:0.7864919572607509
sigma_25:1.4294966694795983
sigma_26:-0.8909108036136304
sigma_27:-0.04525319403049178
sigma_28:0.20738830463583982
sigma_29:-0.290498042828327
sigma_30:0.22321723365333504
sigma_31:0.7829864981960665
sigma_32:1.2001503365572206
sigma_33:1.4248735293698198
sigma_34:-0.4430304271701381
sigma_35:-1.0980377062866717
sigma_36:0.7531664517122176
sigma_37:2.434405106036179
sigma_38:-1.981938026464033
sigma_39:0.8510999150970507
sigma_40:-3.007559157959181
sigma_41:0.6579444885397207
sigma_42:1.5590973876907044
sigma_43:1.273712126401721
sigma_44:-2.897799994596787
sigma_45:0.6891423184540966
sigma_46:-1.2591671098550532
sigma_47:0.5366461630619147
sigma_48:0.06555642245026362
sigma_49:-1.6004896646903273
sigma_50:-0.8252439130168672
sigma_51:0.5188726177081417
sigma_52:0.6700399173642465
sigma_53:1.2163210618795286
sigma_54:-0.8144513694658924
sigma_55:0.0007594304307462839
sigma_56:0.28697483351575714
sigma_57:0.2316650172110968
sigma_58:0.3206794782754254
sigma_59:-0.033962995429413285
sigma_60:-0.33721292492087857
sigma_61:0.7274837281390972
sigma_62:0.7470207247874918
sigma_63:-0.8847617019689459
sigma_64:0.39191053762415995
sigma_65:-1.132230398623547
sigma_66:-0.31786023156103904
sigma_67:-2.958408077472933
sigma_68:-1.256010783066106
sigma_69:0.7933293009748046
sigma_70:-0.6580737633943946
sigma_71:0.03788681000740144
sigma_72:-0.2401081003232646
sigma_73:1.130254071804225
sigma_74:-0.1299024072719044
sigma_75:-0.9720346895055824
sigma_76:0.09907260772721262
sigma_77:-0.3216429122200465
sigma_78:-1.648988250215153
sigma_79:0.3292837297778199
sigma_80:-1.4153309250371313
sigma_81:0.41764459034495166
sigma_82:0.9520513246302181
sigma_83:-0.5815426032978555
sigma_84:-0.6450934200503056
sigma_85:0.07886596959580693
sigma_86:0.7545758879404775
sigma_87:0.23217800602985392
sigma_88:1.7678637232963026
sigma_89:0.9262090509182239
sigma_90:-0.7399518719767992
sigma_91:-0.45365437163326683
sigma_92:-0.9830934964634505
sigma_93:-1.7176988597118799
sigma_94:-1.2632497705429777
sigma_95:-0.982791570485421
sigma_96:0.6672056938235197
sigma_97:-0.2936630285409705
sigma_98:-1.3665879641794219
sigma_99:-2.146879103793522
