sigma_0:-1.9022160293400543
sigma_1:-0.35678181731639663
sigma_2:-0.23209183397594574
sigma_3:1.148476236994932
sigma_4:-0.17877910006493505
sigma_5:-0.0238388692383849
sigma_6:-0.6867650128901598
sigma_7:-1.0592310248269659
sigma_8:-1.1646588061083822
sigma_9:-1.6741056039811522
sigma_10:0.18075355598969658
sigma_11:-0.15158305791129933
sigma_12:0.9176284195415341
sigma_13:-0.49188292456696914
sigma_14:-2.245297118815226
sigma_15:0.8602274751883131
sigma_16:-0.2623258416981074
sigma_17:0.06253063431572835
sigma_18:1.1487437657002055
sigma_19:0.4908167826440121
sigma_20:0.7599032965727683
sigma_21:0.15728769632403358
sigma_22:1.1955019666076179
sigma_23:0.9061014857600674
sigma_24:0.31634628796113545
sigma_25:0.3358411170249205
sigma_26:-0.009638440381592244
sigma_27:1.3535159032163053
sigma_28:0.2802119625104164
sigma_29:-1.8797459753064731
sigma_30:-0.15829308542152784
sigma_31:1.776571872077752
sigma_32:-0.016981527689145733
sigma_33:-0.4947793741552472
sigma_34:-1.1553743666656853
sigma_35:-0.7389577868725511
sigma_36:-0.25287185039117754
sigma_37:1.0287655952711467
sigma_38:0.664390602301845
sigma_39:-0.21383594728412086
sigma_40:0.13442739771132536
sigma_41:-1.0797164722844852
sigma_42:1.3320323269588692
sigma_43:0.5936183267992566
sigma_44:-0.23619908528343458
sigma_45:0.3288108339145242
sigma_46:-1.588146301770192
sigma_47:-1.7428951421611825
sigma_48:-0.5277553548067578
sigma_49:1.4218030852799908
sigma_50:0.2814837389948613
sigma_51:2.379311138917886
sigma_52:0.7162096914868227
sigma_53:-0.07275944576515392
sigma_54:0.02871850973151568
sigma_55:0.5958132254895846
sigma_56:0.7639561458847204
sigma_57:-1.0626646928639163
sigma_58:1.509716659132173
sigma_59:0.8538575110238631
sigma_60:-0.6304362236147846
sigma_61:-1.3367098040641083
sigma_62:0.5061746345615874
sigma_63:-0.5954158491180778
sigma_64:-0.9719801594951304
sigma_65:-1.1214830154441782
sigma_66:-0.184254716592255
sigma_67:0.16043637789458612
sigma_68:1.9110312145068526
sigma_69:-0.19180099446403012
sigma_70:0.24821057357193124
sigma_71:-0.21629818319384836
sigma_72:0.6239300872526802
sigma_73:0.33931956152842757
sigma_74:-0.39150613501003445
sigma_75:0.4955282413126142
sigma_76:0.3862378104608662
sigma_77:1.0217990647374595
sigma_78:0.925771924096147
sigma_79:0.9387145077470059
sigma_80:-0.7368126339940989
sigma_81:-2.1408067476938046
sigma_82:-0.6752411731636568
sigma_83:0.3598317317347276
sigma_84:1.535200098018214
sigma_85:0.2182759290533877
sigma_86:-2.2400533051155316
sigma_87:-0.17487293852602528
sigma_88:0.2237994409311859
sigma_89:-0.4640997650781641
sigma_90:0.9465934890211434
sigma_91:-0.45176163071060554
sigma_92:1.1118370694518893
sigma_93:-2.004448562433488
sigma_94:-1.8711587350942285
sigma_95:-0.6841101897090786
sigma_96:-0.22419916034497195
sigma_97:-0.0375161660022484
sigma_98:0.9426855090443347
sigma_99:0.4677506450467342
