sigma_0:1.5496553123539627
sigma_1:0.7104828995878586
sigma_2:-0.25754571995611125
sigma_3:-1.135497544185105
sigma_4:-1.0802454086170046
sigma_5:1.662666450918697
sigma_6:1.02765077214076
sigma_7:-1.2200894294691615
sigma_8:-1.13787173016214
sigma_9:0.4682569544463492
sigma_10:1.3010239801441639
sigma_11:-0.5959631959509569
sigma_12:-0.000425989233390696
sigma_13:-0.5559907952404984
sigma_14:0.7727105261732545
sigma_15:0.29251814645775154
sigma_16:-1.7931926099823146
sigma_17:1.8745699200565045
sigma_18:2.170229212022733
sigma_19:-0.45923511488009616
sigma_20:-1.0093241115004783
sigma_21:1.8128333590237091
sigma_22:0.17156774151177537
sigma_23:0.44777945535172453
sigma_24:0.3831496742694854
sigma_25:-1.0165916700458724
sigma_26:1.0813009579852497
sigma_27:-0.3182956858937687
sigma_28:1.0351732645956544
sigma_29:0.6168664897622985
sigma_30:-0.11270388013720882
sigma_31:1.023993993555449
sigma_32:0.25946181904609167
sigma_33:0.7392015734291583
sigma_34:-0.6203340128248896
sigma_35:0.9705967760084444
sigma_36:0.9972659466997088
sigma_37:-1.286661209006196
sigma_38:-0.7552847667973198
sigma_39:-0.15245388135769028
sigma_40:1.1314942652535516
sigma_41:-0.996067684259371
sigma_42:0.9935396719879546
sigma_43:1.6246240992633372
sigma_44:-0.10754077989800938
sigma_45:-0.19452847224069605
sigma_46:0.1494346788714296
sigma_47:-1.8175104707883953
sigma_48:-0.6162462940738219
sigma_49:0.04155594419767032
sigma_50:0.08312042124699834
sigma_51:1.3669747759532562
sigma_52:0.002883895757111315
sigma_53:0.2724080149457078
sigma_54:1.1103759313670147
sigma_55:-1.0413043771716382
sigma_56:0.35831123484051774
sigma_57:1.3000395728568408
sigma_58:2.204056962917965
sigma_59:-0.2625190410587983
sigma_60:-0.9804657772503307
sigma_61:-0.28364955410402715
sigma_62:0.0954421978456794
sigma_63:0.7051634574279328
sigma_64:-0.2837814425843102
sigma_65:1.1905758399977446
sigma_66:-0.14782811225569623
sigma_67:-1.1273373860306757
sigma_68:-0.9697088229002282
sigma_69:-0.18007707373631385
sigma_70:-0.39491220080810896
sigma_71:1.6835455486033104
sigma_72:-0.7890328993368643
sigma_73:-0.45021234775025476
sigma_74:0.9216814060833212
sigma_75:0.07372494005159971
sigma_76:0.6231028207890961
sigma_77:-0.8676593114885085
sigma_78:1.0412394613698683
sigma_79:-1.5892389993594545
sigma_80:-1.1060457678575513
sigma_81:-0.7389874336205027
sigma_82:1.2598224765412382
sigma_83:-0.5211076894159129
sigma_84:1.5310684194988469
sigma_85:0.23328200738661836
sigma_86:0.23354757819492358
sigma_87:0.3679568401460819
sigma_88:0.16368994075368593
sigma_89:0.3719629447141359
sigma_90:1.385562227936265
sigma_91:0.35501209506778786
sigma_92:0.02846802298463902
sigma_93:-1.568971541297221
sigma_94:3.12452209189086
sigma_95:0.1886895360346418
sigma_96:0.8643821820778432
sigma_97:-1.5312965892765797
sigma_98:-1.2557831831529895
sigma_99:-1.114175926275383
