sigma_0:-0.812996357145507
sigma_1:-0.20310026838034184
sigma_2:0.35108705803922535
sigma_3:-0.13561138494015285
sigma_4:0.6917458096543029
sigma_5:-0.6448293120751957
sigma_6:0.7576294342298645
sigma_7:-0.15821328815663227
sigma_8:-1.1026077559375111
sigma_9:-0.10450375715064229
sigma_10:-0.947287202020866
sigma_11:0.043457790874647566
sigma_12:0.05285093594560015
sigma_13:0.5013343219347812
sigma_14:0.8001235992877734
sigma_15:-1.2689710690121299
sigma_16:-0.16836941894586327
sigma_17:-1.8321111189132646
sigma_18:-1.2213797549888943
sigma_19:-1.3781903975430156
sigma_20:-0.2039615198989213
sigma_21:-0.8876021275054621
sigma_22:0.24179698722083473
sigma_23:0.2804028903201793
sigma_24:-1.8640444958167879
sigma_25:0.2338557917281037
sigma_26:0.6513778336846034
sigma_27:-0.6270308493269937
sigma_28:-1.9609886173606443
sigma_29:0.1920929262675704
sigma_30:0.34994475712723316
sigma_31:-1.1250341515842328
sigma_32:-0.18657469705736443
sigma_33:1.7801034609736144
sigma_34:0.598882088289074
sigma_35:0.2365193043128082
sigma_36:0.21587145632812363
sigma_37:-1.3935354514535971
sigma_38:1.2548866305369575
sigma_39:-0.18685943156809817
sigma_40:-1.3236544981779155
sigma_41:1.3383294775433043
sigma_42:-3.5044543749904404
sigma_43:0.22253034277052308
sigma_44:-0.5431241162874939
sigma_45:-0.6756620552226773
sigma_46:0.4594304743895686
sigma_47:0.3337758646734521
sigma_48:-0.1722951868440855
sigma_49:0.9391040620976387
sigma_50:-0.16302158873318812
sigma_51:0.06595663517414012
sigma_52:0.6190178526773858
sigma_53:-1.2474297438155248
sigma_54:-0.3662035879985106
sigma_55:-0.5749944730103828
sigma_56:0.08144306194952279
sigma_57:-0.6718973302594378
sigma_58:-0.5938588811127153
sigma_59:1.2486552215377948
sigma_60:2.3388789979154376
sigma_61:0.9803703590849276
sigma_62:0.8904709301812566
sigma_63:0.8427095125961824
sigma_64:-0.2248747137550117
sigma_65:-0.2282095629419289
sigma_66:-0.35990428333095437
sigma_67:-0.6244824110277721
sigma_68:1.0662183572601909
sigma_69:0.5074282385813118
sigma_70:-1.342962659936532
sigma_71:0.0929152086546208
sigma_72:-0.5831491009493738
sigma_73:-2.1436793858451075
sigma_74:-1.4288682123390335
sigma_75:-0.29174321426119215
sigma_76:-0.4245973894910866
sigma_77:-1.9639830418139035
sigma_78:-0.33940891111974203
sigma_79:-0.060151442722957846
sigma_80:0.9258177792418794
sigma_81:0.10766664034289398
sigma_82:2.22074897726368
sigma_83:-0.3365412508671558
sigma_84:0.36102756943700964
sigma_85:-1.222702658397657
sigma_86:-0.6683637996028672
sigma_87:0.379910808605302
sigma_88:0.614984192670572
sigma_89:-0.40360780648082384
sigma_90:1.5873952812618017
sigma_91:0.788787682404782
sigma_92:-0.17119183421002745
sigma_93:-0.6749154450144625
sigma_94:-0.5011496255142551
sigma_95:-1.9874160979275957
sigma_96:-1.2220244524291493
sigma_97:0.7689496607296521
sigma_98:-0.09978870196798449
sigma_99:-1.1900827103233775
