sigma_0:0.4156039346061953
sigma_1:-1.124312343981672
sigma_2:1.3950294138663988
sigma_3:2.2118309768442512
sigma_4:1.006869111283017
sigma_5:-0.042125281141209
sigma_6:-0.369729299797331
sigma_7:-0.3024308186375338
sigma_8:0.3340345151599462
sigma_9:-0.3846761342835152
sigma_10:-0.7671423306961896
sigma_11:1.1105921905026326
sigma_12:0.5481202094309711
sigma_13:1.345149687717002
sigma_14:0.22414910874849445
sigma_15:1.3081341145693122
sigma_16:1.0036160989188416
sigma_17:-2.513527690891478
sigma_18:0.744022155714833
sigma_19:-0.04365482432277576
sigma_20:-0.9318650646072952
sigma_21:-2.673846502095765
sigma_22:0.10326154023539166
sigma_23:-1.1175432511681533
sigma_24:1.8378242700772125
sigma_25:-0.5628449598739598
sigma_26:1.096055509061388
sigma_27:0.6192869638579567
sigma_28:0.2953516331571185
sigma_29:0.6983277430163567
sigma_30:2.1778423513974907
sigma_31:0.20813275058339764
sigma_32:-0.5445413041469015
sigma_33:0.7803631053458722
sigma_34:-0.5707841060188281
sigma_35:-1.6930604184148046
sigma_36:0.819931100135527
sigma_37:2.166430063311357
sigma_38:-0.41639814111400747
sigma_39:2.0574008659891256
sigma_40:0.2426581174580776
sigma_41:0.7659724873770046
sigma_42:-1.033119905879458
sigma_43:-0.9890350004252664
sigma_44:0.29054044560665
sigma_45:-0.3290135416073121
sigma_46:-1.60116971645694
sigma_47:1.1522922778678917
sigma_48:-0.3413431341667387
sigma_49:0.21665310941829288
sigma_50:-0.08360431418637367
sigma_51:-3.1448102564422187
sigma_52:-0.2952260435570366
sigma_53:0.19641010848883547
sigma_54:-0.34270715100104915
sigma_55:-0.059184511795705275
sigma_56:0.012820691127743856
sigma_57:-1.104544428222284
sigma_58:-1.1769313060948063
sigma_59:0.031206460172982627
sigma_60:0.22911253494995426
sigma_61:0.27287798989805795
sigma_62:-0.9808026335953983
sigma_63:0.05535590579561244
sigma_64:-0.7865427497268682
sigma_65:-0.10544614545745129
sigma_66:-0.7962024266698194
sigma_67:1.0258579115973174
sigma_68:1.7230498754450982
sigma_69:-0.8281456842582526
sigma_70:-2.0983103250319823
sigma_71:-0.6647934167327247
sigma_72:-1.9270743743938936
sigma_73:1.5291763047099844
sigma_74:0.176938450255714
sigma_75:0.8322715950435503
sigma_76:2.187172082666729
sigma_77:-0.6395817072912695
sigma_78:-1.8084932022271487
sigma_79:1.792883962583854
sigma_80:1.7737105276774323
sigma_81:0.10922104752985234
sigma_82:0.43801642260591767
sigma_83:-0.750637099115797
sigma_84:0.9232714818593499
sigma_85:-1.9245236484088712
sigma_86:1.9973426393335467
sigma_87:0.9210435190614256
sigma_88:0.49377293032745995
sigma_89:-1.1396420441406079
sigma_90:0.6052681287663547
sigma_91:0.7967828568421446
sigma_92:-0.4035549646804712
sigma_93:-0.15833576982379174
sigma_94:-0.9986436277448391
sigma_95:1.2528245719335491
sigma_96:-0.6617231320605962
sigma_97:-0.39458374855042894
sigma_98:0.24429725912315536
sigma_99:0.6041814475584208
