sigma_0:-1.5615250530040827
sigma_1:-1.865278983187814
sigma_2:-0.5128127900085933
sigma_3:-0.4112945245193606
sigma_4:-1.5201453338833992
sigma_5:-0.9882965611632183
sigma_6:1.560807602153258
sigma_7:-0.20095576914100519
sigma_8:-2.092384453373393
sigma_9:-0.7185472174100164
sigma_10:-0.9239698990416967
sigma_11:0.01506764544565849
sigma_12:1.5575742880608479
sigma_13:0.009358600947546406
sigma_14:-1.3474559696188924
sigma_15:0.6858615255701273
sigma_16:-1.1134523267007952
sigma_17:0.7189561536658378
sigma_18:-0.487599525548262
sigma_19:0.36193091844591546
sigma_20:0.5864683408514789
sigma_21:0.25687334287403235
sigma_22:-0.5070571287887816
sigma_23:0.34047471629561743
sigma_24:-1.0384793038637912
sigma_25:1.2104095464310032
sigma_26:0.7870071210034787
sigma_27:0.6565056940187483
sigma_28:-0.47843125081825194
sigma_29:-1.520372450457609
sigma_30:-1.9125951355052488
sigma_31:-0.6146034314526878
sigma_32:-0.7952972980804001
sigma_33:-0.35648326539374137
sigma_34:1.042627861453625
sigma_35:0.5532561602092216
sigma_36:-0.3516425881231018
sigma_37:-1.756781101452397
sigma_38:1.1611129241450124
sigma_39:1.2274538570849416
sigma_40:0.379766124502937
sigma_41:0.40572305114353935
sigma_42:0.6648287064168837
sigma_43:0.4050109930138488
sigma_44:-0.3166105837265127
sigma_45:1.5514149519269798
sigma_46:-2.2393828560682443
sigma_47:0.7694387836894188
sigma_48:-0.47387218185580154
sigma_49:0.6793662082730035
sigma_50:-0.5160305201800526
sigma_51:2.0304336853660283
sigma_52:0.4467774625133125
sigma_53:-0.15684534383989363
sigma_54:-0.30993641916333325
sigma_55:0.20704821595659245
sigma_56:1.562263389622868
sigma_57:0.8374513432808678
sigma_58:1.1390535034076466
sigma_59:1.087775929220211
sigma_60:0.3073159513324281
sigma_61:0.13139639564187827
sigma_62:-0.29153329390619576
sigma_63:-1.0841787994213425
sigma_64:-0.600926671323355
sigma_65:-0.7840951512447606
sigma_66:0.7433624545252835
sigma_67:-0.69621726318206
sigma_68:-1.6489440109781854
sigma_69:-0.9169696074142295
sigma_70:0.007315038166387133
sigma_71:0.6103314874578488
sigma_72:-0.6252017029499051
sigma_73:0.9500259577968498
sigma_74:-1.614887190483514
sigma_75:-1.0223221889684713
sigma_76:0.2473989037767047
sigma_77:-0.07454157805518016
sigma_78:0.25079739642009546
sigma_79:0.6438925909000156
sigma_80:-0.13632894692863098
sigma_81:1.4381131078654557
sigma_82:0.8935272461656242
sigma_83:-0.008343565468951557
sigma_84:-0.8876514916896902
sigma_85:1.322648033595108
sigma_86:0.04507147672470278
sigma_87:1.8117211177042785
sigma_88:0.6713102487320416
sigma_89:-0.14199390421624394
sigma_90:-1.3558610507058
sigma_91:0.7015152246420462
sigma_92:-0.30863652887369825
sigma_93:-0.8843504457810919
sigma_94:0.2615833950297991
sigma_95:0.15252510905012878
sigma_96:-2.825937632466087
sigma_97:0.02480020263203475
sigma_98:-0.9451744069653795
sigma_99:0.4193393177011105
