sigma_0:-0.5890432096502525
sigma_1:-1.4425751943883343
sigma_2:0.8455904517833382
sigma_3:-0.5210548854507043
sigma_4:-0.5777505261424539
sigma_5:0.31598098148707365
sigma_6:0.4020691003250019
sigma_7:0.2591855806920738
sigma_8:0.4067970154232116
sigma_9:1.9639456382788616
sigma_10:0.27119372591552826
sigma_11:-0.024422278270388984
sigma_12:-1.3096399568099046
sigma_13:0.7387191248464682
sigma_14:0.7560307642452745
sigma_15:0.05187044176819706
sigma_16:-1.8532555772317376
sigma_17:0.2430580852622597
sigma_18:-0.9647535821084798
sigma_19:2.606911923617895
sigma_20:-0.910010912467094
sigma_21:0.9835102225081191
sigma_22:-1.0387462358420654
sigma_23:-0.6705728081621529
sigma_24:-0.46026409039695404
sigma_25:1.8693790346369779
sigma_26:0.26982560783808746
sigma_27:0.9438929972484271
sigma_28:0.7230769930738226
sigma_29:0.5888164973529305
sigma_30:-0.5826790601416039
sigma_31:1.3306729303178881
sigma_32:-0.6816385941156012
sigma_33:-0.4686860969410536
sigma_34:0.3971966727091628
sigma_35:-0.8702149412901994
sigma_36:-1.6519649268129704
sigma_37:-1.252366412888151
sigma_38:0.019894167933762714
sigma_39:2.253944237586404
sigma_40:0.32638110179939583
sigma_41:0.8339021114742794
sigma_42:-0.8028115464315365
sigma_43:1.298232043153708
sigma_44:1.6236891909719462
sigma_45:-0.7335075319698506
sigma_46:0.23637544659252732
sigma_47:0.46155829093188855
sigma_48:1.034060299909979
sigma_49:0.6788396349355291
sigma_50:-1.5485892518097863
sigma_51:0.3599716049050998
sigma_52:-0.45313026028840175
sigma_53:-1.2371913233102207
sigma_54:-0.45675982289142203
sigma_55:-0.7238832221162426
sigma_56:1.4009081117258952
sigma_57:0.5380507715631607
sigma_58:-0.07907964602815282
sigma_59:-0.41543093421988897
sigma_60:-0.7528497926071048
sigma_61:0.4174517503012397
sigma_62:-2.1691531835114026
sigma_63:-1.1252120912751866
sigma_64:-1.654420527211702
sigma_65:-0.9777117488793978
sigma_66:-0.39224522143449825
sigma_67:1.8564988016292459
sigma_68:-1.0288304906341885
sigma_69:-1.2274310875889658
sigma_70:-0.11217802393027437
sigma_71:-0.8783927047688439
sigma_72:-0.051496205106434045
sigma_73:0.1742710382715395
sigma_74:0.07931034279038293
sigma_75:0.2797296704949642
sigma_76:0.5589894404602535
sigma_77:-1.6402236118156908
sigma_78:-0.761828273155866
sigma_79:0.9213027595732547
sigma_80:-0.7014428694093611
sigma_81:0.7616281131606522
sigma_82:-0.8169338818712067
sigma_83:-0.6989854962974411
sigma_84:0.5966118717881125
sigma_85:1.2259024821011668
sigma_86:-0.7852942841892886
sigma_87:0.464762987438048
sigma_88:1.989826011260369
sigma_89:-0.20729101355663473
sigma_90:0.1455280828781076
sigma_91:0.6504783912973382
sigma_92:-2.1426145717686373
sigma_93:1.5869576591106682
sigma_94:-0.20320009627933475
sigma_95:1.0873374269855027
sigma_96:0.7489284823327067
sigma_97:0.3599307904449977
sigma_98:-0.6951363207066118
sigma_99:-0.8911958806819797
