sigma_0:-0.6294038161804595
sigma_1:0.530467659499753
sigma_2:-0.4364565378047528
sigma_3:-0.569803783455841
sigma_4:0.11347648179860714
sigma_5:-0.6587891940383549
sigma_6:-0.7094685057843105
sigma_7:1.493261409379791
sigma_8:0.8521018519503076
sigma_9:-1.4419154393164038
sigma_10:-1.0186349112625042
sigma_11:-0.9112189325020214
sigma_12:0.6937413692604462
sigma_13:0.2598147650088831
sigma_14:-0.2858967014891436
sigma_15:1.0264405420297014
sigma_16:0.4675636461353446
sigma_17:-1.5918743699847921
sigma_18:-0.9177671396718154
sigma_19:0.2890011664828409
sigma_20:-0.05497207601908585
sigma_21:-0.5682701690232411
sigma_22:-0.904563537271539
sigma_23:-0.07552253606846743
sigma_24:1.2826282631696118
sigma_25:-0.996149137310055
sigma_26:-0.7455250693230413
sigma_27:-0.07876822140277692
sigma_28:-0.6511089513464748
sigma_29:-1.1699602061268863
sigma_30:0.15092168955556823
sigma_31:-0.034403047857908625
sigma_32:-0.5628383599553582
sigma_33:1.3710793772670842
sigma_34:0.8092712859823548
sigma_35:0.3305196754473271
sigma_36:0.3840764038601075
sigma_37:0.5120512877244823
sigma_38:-0.4026683076384016
sigma_39:-0.4563855807232936
sigma_40:-0.4175603506881569
sigma_41:0.6907648915749737
sigma_42:-1.0548787227515632
sigma_43:-0.4881555895636035
sigma_44:1.9096909316099355
sigma_45:0.057485610101169295
sigma_46:1.746237224048657
sigma_47:0.21074669169163318
sigma_48:-1.4195491867626011
sigma_49:-0.6956677898733891
sigma_50:0.5244276260844876
sigma_51:-1.5611135405312475
sigma_52:0.7673912551604524
sigma_53:0.5909462461903527
sigma_54:-1.006730563117345
sigma_55:0.46261672596992703
sigma_56:-0.29068654218777384
sigma_57:0.6912204905761425
sigma_58:0.9112949811468413
sigma_59:1.0481140140162146
sigma_60:1.0106540483644866
sigma_61:1.1809561412167273
sigma_62:-0.9836561231500761
sigma_63:0.10133657477934634
sigma_64:0.6385237669264475
sigma_65:0.5176164442413969
sigma_66:-2.426180455407386
sigma_67:0.3809510009073738
sigma_68:-1.7243852103463302
sigma_69:-0.7063747727479488
sigma_70:-3.3143419652808794
sigma_71:1.9634993527400049
sigma_72:-0.09736882660472328
sigma_73:-0.7968357584290273
sigma_74:0.5383789373382917
sigma_75:0.3636333007596099
sigma_76:1.3770784774277476
sigma_77:-0.3766711182640289
sigma_78:-0.8813268581005933
sigma_79:-0.7383644628318986
sigma_80:-1.2879951540560424
sigma_81:0.41923607983150574
sigma_82:-1.1707876388469716
sigma_83:0.3686158233140555
sigma_84:0.44355847083073946
sigma_85:0.17572035808637446
sigma_86:-0.759442893669936
sigma_87:-1.0643483173131387
sigma_88:0.22517211443646148
sigma_89:2.3570870672323854
sigma_90:1.1400792514830502
sigma_91:-1.2423111467478982
sigma_92:-0.8869031938819907
sigma_93:-0.1409048653276261
sigma_94:-0.9746575394174215
sigma_95:0.2532764630484441
sigma_96:0.4426488141548571
sigma_97:0.5591251337773614
sigma_98:0.9642432401433666
sigma_99:-0.5167662976574234
