sigma_0:-0.5955730283408588
sigma_1:0.6468582181631302
sigma_2:-0.1934723578625864
sigma_3:0.8261918722657369
sigma_4:-1.7429997393264571
sigma_5:1.0853911339723188
sigma_6:-0.08605108468679203
sigma_7:-2.184424786644388
sigma_8:0.8667691992685846
sigma_9:-1.1763718219739858
sigma_10:1.3967397487952131
sigma_11:-1.7067155813323671
sigma_12:0.9532782045479522
sigma_13:-1.322041478017948
sigma_14:-0.2025883938956602
sigma_15:-1.0359826359817235
sigma_16:-0.12181313588465742
sigma_17:0.7016161869163793
sigma_18:-0.694713447545728
sigma_19:1.4941459959076662
sigma_20:-1.3427832097366406
sigma_21:0.6157022253610505
sigma_22:0.3071144310708764
sigma_23:-0.16667960347846
sigma_24:-1.1023051908576622
sigma_25:1.915248916249823
sigma_26:-1.2799980576890997
sigma_27:-0.8000011391130387
sigma_28:-0.1712209245772597
sigma_29:-1.9067145805305912
sigma_30:0.4897498323431034
sigma_31:-0.8856328577181372
sigma_32:-0.431275680650647
sigma_33:-0.23531590058825905
sigma_34:-1.0876207049516295
sigma_35:-0.8738508599922562
sigma_36:1.8746521317341818
sigma_37:1.0740144661328006
sigma_38:0.049384255311889946
sigma_39:2.024698209511078
sigma_40:-0.7572907865832358
sigma_41:0.6420928243594485
sigma_42:-0.17909303406820837
sigma_43:0.34245436567856974
sigma_44:-0.06229875003028859
sigma_45:1.2532246657476773
sigma_46:0.7360922992189627
sigma_47:-0.5700843598108523
sigma_48:-1.110205493593776
sigma_49:-1.535483791080877
sigma_50:1.4600941734951198
sigma_51:0.09161339336560864
sigma_52:-0.6302059024331428
sigma_53:0.14287233845739958
sigma_54:-0.9009591333194658
sigma_55:0.34786369260033523
sigma_56:-0.7224734262951946
sigma_57:1.7479750180041873
sigma_58:0.004707360605415774
sigma_59:0.5161711077028632
sigma_60:1.708293012140555
sigma_61:1.0108579544525318
sigma_62:1.3976425926960245
sigma_63:0.11418875733700197
sigma_64:0.7954471637325218
sigma_65:-0.21991532919668608
sigma_66:0.02873990409535534
sigma_67:-0.3128525898655253
sigma_68:-0.4914249554597079
sigma_69:-0.9852330490911315
sigma_70:-1.7849441982951735
sigma_71:0.1542480467401999
sigma_72:-0.5416195758290685
sigma_73:-1.0717600471843192
sigma_74:0.5310282815075368
sigma_75:0.5029095316557037
sigma_76:-0.5312066854307795
sigma_77:-0.4769868284496473
sigma_78:0.49353146322764896
sigma_79:-1.9356536494788439
sigma_80:0.034025602268592664
sigma_81:-0.27690443203401055
sigma_82:-0.04078275462122378
sigma_83:0.7869681443923321
sigma_84:0.3119009694869634
sigma_85:-0.4901113939464463
sigma_86:-0.13373222249331104
sigma_87:-0.150352220085369
sigma_88:-0.14304788906587956
sigma_89:0.16007738227624982
sigma_90:-0.24349987703175668
sigma_91:1.298968214276892
sigma_92:-0.8168906399053469
sigma_93:-0.25414088961925396
sigma_94:-0.17296031717838095
sigma_95:0.4557908132490426
sigma_96:-0.7045231151712495
sigma_97:-1.0552304191739328
sigma_98:-0.1539004541868091
sigma_99:0.24003771536621535
