sigma_0:-0.412312996351546
sigma_1:0.4114202304073237
sigma_2:-0.7703187505505652
sigma_3:-0.1797368205957039
sigma_4:-2.010230928405411
sigma_5:0.9935825915452471
sigma_6:0.26070202536231685
sigma_7:1.4187827258264363
sigma_8:-0.4515083810904481
sigma_9:-0.1817313689942947
sigma_10:-1.4500834682209836
sigma_11:1.4738298005948665
sigma_12:-0.9361460787541583
sigma_13:1.3023262099532515
sigma_14:-0.7939726400652709
sigma_15:0.7671809346882236
sigma_16:-0.9171484033326509
sigma_17:0.638053738202063
sigma_18:-0.8599263899387685
sigma_19:-0.5924627924402344
sigma_20:-1.3133807901326464
sigma_21:-1.0086875389292451
sigma_22:-0.28219678780552815
sigma_23:-0.6056477564205693
sigma_24:-1.3463112583288797
sigma_25:0.29899818326461125
sigma_26:0.14433102934138314
sigma_27:0.9869553693050086
sigma_28:-0.8709663066427321
sigma_29:0.9982932527807863
sigma_30:0.24212065337349042
sigma_31:-0.82838693883965
sigma_32:-1.4019661971050514
sigma_33:-0.3299223219740099
sigma_34:0.9621290464421195
sigma_35:-0.788793105412473
sigma_36:-0.7086987084729659
sigma_37:0.3878237962491334
sigma_38:-0.8484243908649749
sigma_39:-2.065913788545719
sigma_40:1.1358262854872871
sigma_41:-0.14080833629509956
sigma_42:0.46104039117240475
sigma_43:-1.1332548921744336
sigma_44:-0.46967573332926066
sigma_45:-0.976431770636017
sigma_46:-1.1721380197368736
sigma_47:0.5537873989814741
sigma_48:-0.5764211792646594
sigma_49:1.1161021152578816
sigma_50:0.41101069896664405
sigma_51:1.1237852857648576
sigma_52:1.903209923752893
sigma_53:-0.6691405224677173
sigma_54:0.482594718782059
sigma_55:-1.2773055697825404
sigma_56:-0.9537205083165147
sigma_57:-0.725259077228838
sigma_58:0.4032646173935507
sigma_59:2.9536590765750312
sigma_60:0.2336206272004754
sigma_61:0.04064265674622795
sigma_62:0.8125777174305039
sigma_63:-0.18962017643530774
sigma_64:1.253336290216904
sigma_65:0.5526297558770936
sigma_66:0.18630658019737134
sigma_67:-0.28374700260281693
sigma_68:-0.8192018232880998
sigma_69:-1.5056880398454382
sigma_70:-0.45674896693093875
sigma_71:-0.7732226450028702
sigma_72:-1.2504415938067952
sigma_73:-1.1980120789161608
sigma_74:1.283742139188182
sigma_75:-1.2856418561675382
sigma_76:-1.084775399400209
sigma_77:-0.4915907791176295
sigma_78:-1.2058119940756837
sigma_79:1.118310355543639
sigma_80:0.8100631343036029
sigma_81:-0.6555689112464212
sigma_82:-1.7443413335951974
sigma_83:1.218419226657856
sigma_84:-0.496086152709777
sigma_85:-0.29208724170123757
sigma_86:-1.2000294610708704
sigma_87:-1.1555984278301352
sigma_88:1.4456649249975941
sigma_89:-0.858683642039992
sigma_90:-0.0873354353292197
sigma_91:-0.05265410935772258
sigma_92:0.9712573035587385
sigma_93:0.339246679488353
sigma_94:0.05455061968480837
sigma_95:-0.22914038554395663
sigma_96:0.8789978749931546
sigma_97:-0.9569297525337123
sigma_98:0.12620113994582538
sigma_99:1.1225146672517625
