sigma_0:0.5256086621916212
sigma_1:0.34727753977361236
sigma_2:1.3155197454309169
sigma_3:0.15525166380998096
sigma_4:0.08991608760071669
sigma_5:0.27003703566517784
sigma_6:-1.838244100018851
sigma_7:-0.05992885294147421
sigma_8:0.5790247627655292
sigma_9:1.8498974273844209
sigma_10:-0.06200466353635251
sigma_11:-0.7708355316805113
sigma_12:0.48808816684462225
sigma_13:-0.09563319675509202
sigma_14:1.2382243238471444
sigma_15:-0.031537862167193995
sigma_16:-1.4571197023202815
sigma_17:-0.11826037678310355
sigma_18:-1.6498002763383266
sigma_19:1.7022343290410225
sigma_20:0.8905881795439349
sigma_21:1.0231377157939399
sigma_22:0.12800055796932513
sigma_23:0.2003522056828782
sigma_24:-1.7371270149438598
sigma_25:-0.4169629990925438
sigma_26:-1.355560777232
sigma_27:0.6749864616610511
sigma_28:0.2341363467929594
sigma_29:0.019183126611560575
sigma_30:0.9554985955541486
sigma_31:-1.2509941372970415
sigma_32:-0.5241768809810011
sigma_33:-1.110175491908195
sigma_34:-1.7404639116334482
sigma_35:2.140586503896286
sigma_36:-0.1483753266603484
sigma_37:-1.7005677563303434
sigma_38:0.3507020249841288
sigma_39:-2.4805727308829835
sigma_40:-0.5634266363929186
sigma_41:-1.3510705451751583
sigma_42:0.14708543743156693
sigma_43:0.2192981667713919
sigma_44:-0.1330942033324154
sigma_45:-1.7452766733607568
sigma_46:-2.184476388102242
sigma_47:-1.8725063035673417
sigma_48:-0.07460647612712443
sigma_49:2.564842501623708
sigma_50:0.22842642940953228
sigma_51:0.15469762665834522
sigma_52:0.14618252909541965
sigma_53:0.7004651631576236
sigma_54:-0.9085631446890975
sigma_55:-0.341737075286248
sigma_56:-0.20307681028600935
sigma_57:-0.37975710430807674
sigma_58:0.8889265909802601
sigma_59:1.0440950118257655
sigma_60:0.328375147433712
sigma_61:-1.5600269694424094
sigma_62:3.7590541885765982
sigma_63:0.7712763512025389
sigma_64:-0.2695685503723002
sigma_65:-1.078963007848706
sigma_66:-1.4082869922937746
sigma_67:-0.683969792042723
sigma_68:0.33766905115172036
sigma_69:0.4729473312386879
sigma_70:-1.2831525900050484
sigma_71:-1.805556322805339
sigma_72:-0.9676712740218807
sigma_73:1.805371618166552
sigma_74:-1.0224544581573214
sigma_75:0.6042039306874848
sigma_76:0.3340477476610826
sigma_77:0.8698025567313266
sigma_78:-0.16762547551118498
sigma_79:0.6820263727398821
sigma_80:-1.2261330649000248
sigma_81:-0.9760260005602691
sigma_82:0.04170991649759884
sigma_83:0.61704423788844
sigma_84:-2.020283330095639
sigma_85:0.19473464811413083
sigma_86:-1.1582671109600415
sigma_87:-1.0964327847881503
sigma_88:-0.6103992262325654
sigma_89:1.0676402896711388
sigma_90:0.6071824010776331
sigma_91:0.8612002470320425
sigma_92:-0.898659920213849
sigma_93:-0.6361146802884405
sigma_94:-0.7630921990406689
sigma_95:-0.06320120399825532
sigma_96:1.2323420061176844
sigma_97:-1.2693769918925886
sigma_98:-1.5535070724961106
sigma_99:-1.1234903060994503
