sigma_0:-0.819155711926832
sigma_1:-0.07471466298440983
sigma_2:0.2736253015289775
sigma_3:-0.9092593101438199
sigma_4:1.2910446917322982
sigma_5:-1.2257840396848187
sigma_6:-1.7840153987863696
sigma_7:-1.3714317745268167
sigma_8:0.7136602737460558
sigma_9:0.5474999249119182
sigma_10:1.752241172058407
sigma_11:-0.328530495641957
sigma_12:-0.45282101896816607
sigma_13:-0.09686191785193725
sigma_14:0.0942715097478584
sigma_15:0.9435687368763732
sigma_16:1.136715888104333
sigma_17:0.08842348921464832
sigma_18:-0.6738907471861924
sigma_19:0.06087751968392868
sigma_20:-0.14734456090209166
sigma_21:-0.5408104828243145
sigma_22:-0.37067692474850106
sigma_23:0.23580422325904096
sigma_24:0.4892245170169324
sigma_25:0.21391910131839229
sigma_26:-1.8751463041978618
sigma_27:-0.582254192572435
sigma_28:0.8896005244150478
sigma_29:2.024646294505849
sigma_30:-0.3905025189162118
sigma_31:0.7395083899464193
sigma_32:-1.1448807309820024
sigma_33:-1.5842849996158077
sigma_34:-0.8771592089971288
sigma_35:0.08111480497974738
sigma_36:0.4746711016833579
sigma_37:-0.09101003983767313
sigma_38:1.504682851972156
sigma_39:2.1688264088125195
sigma_40:-0.13500778661929064
sigma_41:0.7854747241477268
sigma_42:0.9990120702835077
sigma_43:1.2114191559771188
sigma_44:-0.23243321557725333
sigma_45:-1.1473494076363715
sigma_46:-0.4522251028120336
sigma_47:-0.5613981282308368
sigma_48:-1.0608868188077747
sigma_49:0.9675707427309507
sigma_50:0.17693209776099086
sigma_51:0.8195552221927983
sigma_52:1.8414686742520017
sigma_53:0.08313105444532438
sigma_54:-0.3826520111250379
sigma_55:0.08367645342419415
sigma_56:-2.024394463736976
sigma_57:-0.12027410534874083
sigma_58:-1.4872673571012092
sigma_59:0.5694637033062319
sigma_60:0.7865115045052852
sigma_61:-1.5448981379596196
sigma_62:1.4812363905044728
sigma_63:-1.2778074020850017
sigma_64:1.1255630740225455
sigma_65:0.7203299994693445
sigma_66:-0.6328769069325476
sigma_67:-0.14712592158747065
sigma_68:-0.9719067536396767
sigma_69:-1.7843742692553948
sigma_70:0.3755042322904894
sigma_71:-1.5388186889381226
sigma_72:-1.374153407173535
sigma_73:-2.8304371267779156
sigma_74:0.37237017237170805
sigma_75:-0.12330790498919358
sigma_76:1.1558223269537382
sigma_77:-0.6637245743395188
sigma_78:0.9447094830346655
sigma_79:-0.2990013676075881
sigma_80:0.3499752217398205
sigma_81:0.43152836310835585
sigma_82:-0.7250018326978568
sigma_83:-1.2987594214973373
sigma_84:1.056697916399995
sigma_85:1.0134254482952156
sigma_86:-1.252488871777051
sigma_87:2.1249750354852037
sigma_88:0.10582304952549858
sigma_89:0.19086630131629354
sigma_90:1.656082751807323
sigma_91:-0.15588062046759266
sigma_92:-0.3916042557073962
sigma_93:-0.4368004790797718
sigma_94:-0.8671954258842783
sigma_95:-0.41454501905212116
sigma_96:1.1198263820385816
sigma_97:-0.8757597469757756
sigma_98:0.11157907380574209
sigma_99:-1.0006405225736663
