sigma_0:0.7288383779513489
sigma_1:-0.2516088734857033
sigma_2:-0.78855359155399
sigma_3:-2.204517474932465
sigma_4:0.12527826165227793
sigma_5:-0.8730937823316531
sigma_6:0.5719124272568368
sigma_7:-0.19781821576488218
sigma_8:-1.2676057003990042
sigma_9:-0.6190012155350492
sigma_10:1.334379043345477
sigma_11:-0.18370652445734212
sigma_12:0.5769528135854014
sigma_13:-0.09448331719552656
sigma_14:0.4887279730347056
sigma_15:0.8617413407327766
sigma_16:-0.07081767703769123
sigma_17:0.2517690141524324
sigma_18:0.15438613313290836
sigma_19:1.4069092562947598
sigma_20:-1.0722351673999595
sigma_21:0.720875299540746
sigma_22:-0.9983721729391235
sigma_23:-0.025278562265275743
sigma_24:-1.4593161775303722
sigma_25:1.5155556887756179
sigma_26:0.42286930095908776
sigma_27:0.23450319153925203
sigma_28:1.0749649512541009
sigma_29:-0.19097166895316128
sigma_30:-1.4107459824926512
sigma_31:-0.907199036163937
sigma_32:0.2676025317291353
sigma_33:-0.2602481864250968
sigma_34:-0.8158244532431331
sigma_35:-0.5654581927801569
sigma_36:0.09197258362608562
sigma_37:0.02778709494523993
sigma_38:-1.1002539990929165
sigma_39:-0.4084411301348025
sigma_40:-0.7611710865407615
sigma_41:0.3301231467008496
sigma_42:-0.15267744070678213
sigma_43:3.153186027814817
sigma_44:0.2502739175812599
sigma_45:-1.3158928905203666
sigma_46:-0.19707661595475742
sigma_47:0.11624167123323753
sigma_48:-0.02529529868504039
sigma_49:2.1642773560505137
sigma_50:0.9818930561852695
sigma_51:-1.4977966428244092
sigma_52:0.16475024019491039
sigma_53:-0.02691068765223526
sigma_54:0.7049825574346342
sigma_55:-0.6864633016317904
sigma_56:1.3111280765748827
sigma_57:-1.594977581989087
sigma_58:0.012917446337077268
sigma_59:0.2534695587767279
sigma_60:-0.13226185856835776
sigma_61:1.2306102181045286
sigma_62:-0.3183906156564119
sigma_63:1.1419277156128622
sigma_64:1.022758646790281
sigma_65:-0.1881198848497273
sigma_66:-0.37680401225702825
sigma_67:0.11831547127802984
sigma_68:0.1139109978798256
sigma_69:0.35474320134390885
sigma_70:0.16029753769752175
sigma_71:-0.9494119087004204
sigma_72:-0.4906301267144576
sigma_73:-0.951165635448859
sigma_74:0.6794171526618342
sigma_75:0.8994067264427573
sigma_76:-1.8764358601664157
sigma_77:0.26462906999122227
sigma_78:-0.36527287492788885
sigma_79:-0.573307506534186
sigma_80:-1.3099241163888748
sigma_81:1.3859640581683925
sigma_82:0.11535958620221093
sigma_83:2.70489092266449
sigma_84:-0.3624074823170857
sigma_85:0.13976525301753667
sigma_86:-0.17225020099450494
sigma_87:-1.8242527079061424
sigma_88:0.42731300806934835
sigma_89:-0.3180862587037826
sigma_90:-1.6416933976360049
sigma_91:0.46219434445415036
sigma_92:0.053185653126483934
sigma_93:1.9922922560863052
sigma_94:1.0923508573453946
sigma_95:0.33003081978998017
sigma_96:-0.7558646613154396
sigma_97:0.7269237257376702
sigma_98:-1.283868730234484
sigma_99:-0.025059637296094575
