sigma_0:-0.08089302267517652
sigma_1:-0.6052927144218259
sigma_2:-1.6544069984136482
sigma_3:0.23426661283914302
sigma_4:-0.2363630956678962
sigma_5:0.9534636961512636
sigma_6:0.6875350239960769
sigma_7:-0.7978614761325437
sigma_8:1.4581464566261453
sigma_9:-0.793024344051775
sigma_10:-1.2860342941987768
sigma_11:0.6776839780123658
sigma_12:0.5973842086874085
sigma_13:0.24592884762315662
sigma_14:-1.7011148560912368
sigma_15:0.11966056129158882
sigma_16:1.1547770138480749
sigma_17:1.0475553253396157
sigma_18:1.2385970165864337
sigma_19:0.18446202322646385
sigma_20:0.174853998341711
sigma_21:-1.8138081523938565
sigma_22:0.5704206354121445
sigma_23:0.185286486018103
sigma_24:1.2122825222646771
sigma_25:0.43188519433200717
sigma_26:-0.6264689797414855
sigma_27:0.9225549334147766
sigma_28:0.1323692756032048
sigma_29:-0.44000619905909044
sigma_30:-0.0652477312106938
sigma_31:-1.8969357608867832
sigma_32:0.9018170144371268
sigma_33:0.3916797689205026
sigma_34:1.1913647146053457
sigma_35:0.1790136267281375
sigma_36:-1.022117034191881
sigma_37:0.8281444861820597
sigma_38:-0.4204733945595418
sigma_39:-0.3906331304559106
sigma_40:0.8307098048728091
sigma_41:-0.6029004288731351
sigma_42:2.0486425097542336
sigma_43:1.1217623712208067
sigma_44:-0.9101165625931722
sigma_45:0.3066316267170091
sigma_46:0.49750464886131757
sigma_47:-1.0983869832457482
sigma_48:-0.7149657155490242
sigma_49:-1.4213536440337584
sigma_50:-1.2569826902607537
sigma_51:1.3209828045673455
sigma_52:-0.2166376085223817
sigma_53:-0.48836992118578454
sigma_54:1.002494053799869
sigma_55:-1.1138049876734772
sigma_56:-0.04302017705161445
sigma_57:0.23260593236325
sigma_58:2.104305737408675
sigma_59:-1.7617751290732984
sigma_60:1.3899436733286166
sigma_61:0.20266126943686097
sigma_62:-1.250404557097079
sigma_63:0.4012586384524985
sigma_64:1.3153593086510176
sigma_65:-0.3171814802735631
sigma_66:-0.989007624285801
sigma_67:0.06269869692980885
sigma_68:-0.9779678904876186
sigma_69:0.2873179724778272
sigma_70:-0.09633052270497743
sigma_71:-0.540061049065953
sigma_72:-2.414972751418671
sigma_73:0.01900217302443123
sigma_74:1.718411869528967
sigma_75:1.3857182216863881
sigma_76:0.23753362385910992
sigma_77:-0.0969820773034676
sigma_78:1.3086149547449197
sigma_79:-0.5588822040941324
sigma_80:0.6401395496059364
sigma_81:0.03950524230269752
sigma_82:-0.4475669899257476
sigma_83:0.6560046237730288
sigma_84:1.2445401224438133
sigma_85:-1.1291330311064829
sigma_86:0.01900957938531087
sigma_87:0.20153690711367278
sigma_88:0.4466766521592656
sigma_89:0.12452738768087765
sigma_90:-1.5809157908703837
sigma_91:1.10973075391531
sigma_92:-0.6880847751020056
sigma_93:0.17802867667390818
sigma_94:1.4332192582210614
sigma_95:-0.1981467123109598
sigma_96:-0.02040392670463993
sigma_97:-2.2278951742754005
sigma_98:-1.3793790886026405
sigma_99:0.039490678139524
