sigma_0:-0.10970678874768376
sigma_1:-0.5277408024329592
sigma_2:1.7017500821812972
sigma_3:-0.03972688975419501
sigma_4:-0.02406034419125198
sigma_5:-0.5135906131623038
sigma_6:0.0910269130654908
sigma_7:-0.28497986275833875
sigma_8:0.9984344414826765
sigma_9:-1.085461389979928
sigma_10:0.9619753689655345
sigma_11:0.6108338696606566
sigma_12:0.4046271742655762
sigma_13:-1.8380793975445093
sigma_14:2.5434267789615355
sigma_15:-1.6200875235404253
sigma_16:-0.7066169389004248
sigma_17:0.5580308946060526
sigma_18:-0.7374871962882491
sigma_19:-2.1865759413713763
sigma_20:-1.2658188116895146
sigma_21:-0.7844896747401431
sigma_22:-1.2674024798579362
sigma_23:-0.7354619637568872
sigma_24:-0.11609770198275603
sigma_25:-0.09241915766456656
sigma_26:-0.395417017496838
sigma_27:1.2021470380895545
sigma_28:-1.14947878964445
sigma_29:1.4894452945586187
sigma_30:0.6910060213320693
sigma_31:-1.1945988244197299
sigma_32:-0.11723436925039916
sigma_33:-0.8421442550415297
sigma_34:0.45688416806579135
sigma_35:1.0364655847972677
sigma_36:-1.311225074500565
sigma_37:-0.9479682104310277
sigma_38:-0.6754320309096651
sigma_39:-0.12878978293496846
sigma_40:0.8788169145889428
sigma_41:0.8306999638505812
sigma_42:1.142032695145616
sigma_43:-0.21901714671875108
sigma_44:-0.4985004004992739
sigma_45:1.5147176171043464
sigma_46:0.9479537612870026
sigma_47:-0.16811080923598168
sigma_48:0.5530939894915483
sigma_49:-1.297528169628415
sigma_50:-1.1580323511845734
sigma_51:-0.21187032881310006
sigma_52:-0.44371689591805696
sigma_53:-0.7232376285485427
sigma_54:0.10377459954210443
sigma_55:-1.130407184106388
sigma_56:-1.26363462241769
sigma_57:-0.2895770096849101
sigma_58:-0.9000153421374191
sigma_59:-0.7483105276052118
sigma_60:0.9591029123363806
sigma_61:-1.4096416774199654
sigma_62:-1.3770175416668002
sigma_63:-0.12113751081221487
sigma_64:-0.6521053746648267
sigma_65:-0.24692701057374117
sigma_66:-0.09303755426663869
sigma_67:2.4218018328126636
sigma_68:-0.9898804708098375
sigma_69:0.4898588112088889
sigma_70:-0.8740293626297096
sigma_71:0.15796767078667434
sigma_72:-1.3881670112048288
sigma_73:-0.7230761018693735
sigma_74:-0.3223655077046999
sigma_75:-0.6781230143919086
sigma_76:0.24170478709735965
sigma_77:0.6389680908847507
sigma_78:1.2935828571563188
sigma_79:-1.9041202094645986
sigma_80:1.7709713343888152
sigma_81:0.26508133279407553
sigma_82:0.7904798522755351
sigma_83:0.60728683662866
sigma_84:1.2067461083813718
sigma_85:0.35607321700218997
sigma_86:-0.4567617519330276
sigma_87:-2.1040494731192494
sigma_88:-1.0413514094508793
sigma_89:1.660188171251255
sigma_90:-0.21558460465479262
sigma_91:-0.3895069414967135
sigma_92:-0.47206295650734137
sigma_93:0.7106993377740742
sigma_94:1.0307336024553169
sigma_95:-0.09758393921869488
sigma_96:-1.7657494192846233
sigma_97:0.8288129455611825
sigma_98:-0.49033659558263626
sigma_99:-0.39581445910945817
