sigma_0:1.1961555592491178
sigma_1:-0.9147299602273747
sigma_2:-0.05366713985045187
sigma_3:0.4081449720475956
sigma_4:-1.0743783292972087
sigma_5:0.13739724482059018
sigma_6:0.18727256487462
sigma_7:0.9244159234480915
sigma_8:-0.885203849909514
sigma_9:-1.6495318766897322
sigma_10:0.5586859425299645
sigma_11:-0.7851834596417938
sigma_12:0.6958351424514191
sigma_13:0.5033501863059762
sigma_14:-0.030757950129590723
sigma_15:-1.10930074452467
sigma_16:-2.00616433489758
sigma_17:0.4055013571584625
sigma_18:-0.37559577571884956
sigma_19:0.9262503946236567
sigma_20:-0.37141011829685755
sigma_21:-1.384632976211238
sigma_22:-0.29421277357938097
sigma_23:0.5120775777848842
sigma_24:-1.2430548833715096
sigma_25:1.3756254367246505
sigma_26:0.610199063177993
sigma_27:0.030820878848713772
sigma_28:-1.6410176140521344
sigma_29:1.0044129132981998
sigma_30:-1.4991182605020434
sigma_31:-0.8907390007033095
sigma_32:0.5156722708853523
sigma_33:-0.11208078918687585
sigma_34:0.32281419328638283
sigma_35:1.9078744326162727
sigma_36:-0.7993653323274347
sigma_37:1.2745712137802407
sigma_38:0.32605713843773076
sigma_39:0.24468869252681047
sigma_40:0.8518261520411882
sigma_41:0.06792938294851349
sigma_42:1.5677515852949429
sigma_43:-1.7746365434671738
sigma_44:0.325149791924705
sigma_45:0.4568062758745442
sigma_46:0.03630733060654434
sigma_47:0.7396753863587978
sigma_48:0.7062476749910382
sigma_49:-1.6808605664796445
sigma_50:0.4665633828130479
sigma_51:0.9219334118120899
sigma_52:-0.6145130633727767
sigma_53:1.0110319269780912
sigma_54:1.2762308278426036
sigma_55:1.344597004565607
sigma_56:-0.8761682020396225
sigma_57:-1.6811254214304816
sigma_58:2.3953828087924296
sigma_59:1.4056672400192096
sigma_60:0.5250852688925479
sigma_61:1.291195149886893
sigma_62:-1.911203972951258
sigma_63:0.4908463875793067
sigma_64:-0.13723791453842962
sigma_65:-0.911719559083871
sigma_66:-0.8289865411645942
sigma_67:0.8800467867949516
sigma_68:-0.04756971095532885
sigma_69:0.29661677194360103
sigma_70:-1.3141441795801923
sigma_71:1.3705486896895664
sigma_72:0.9438484626918207
sigma_73:-0.3255310258823081
sigma_74:-0.770686028072014
sigma_75:-1.4694756632442494
sigma_76:-1.1053568490783299
sigma_77:1.3794228621780968
sigma_78:0.0330195458090915
sigma_79:-0.20965579118610675
sigma_80:-0.5549245692250383
sigma_81:-0.8680376395287231
sigma_82:-0.7396491479386618
sigma_83:0.43521837209704567
sigma_84:-1.2882509726954752
sigma_85:-0.3432624905617699
sigma_86:1.004389926698649
sigma_87:-0.05245003402372169
sigma_88:-1.2372225153874643
sigma_89:0.6635633978688517
sigma_90:-0.5986949507042075
sigma_91:-1.1839910832781264
sigma_92:0.2007592501874757
sigma_93:0.6100406521835731
sigma_94:0.451206346337735
sigma_95:0.15917697579365392
sigma_96:-0.4062162332343767
sigma_97:0.42774557498488747
sigma_98:-0.17435545807234906
sigma_99:-0.8111064037001854
