sigma_0:1.65394074508574
sigma_1:1.6881285580624936
sigma_2:-0.7372662757403136
sigma_3:0.42735565759315053
sigma_4:-0.5608444086213455
sigma_5:0.7367125810634814
sigma_6:0.28245154446187926
sigma_7:0.7598210622621018
sigma_8:0.08280561572333721
sigma_9:-1.0895936637948136
sigma_10:-0.5828091804281352
sigma_11:-2.094042223965907
sigma_12:0.04593138504831356
sigma_13:0.8070738970767891
sigma_14:-0.5347957464130058
sigma_15:0.367676741160167
sigma_16:-2.2118805500399885
sigma_17:1.5515479512086952
sigma_18:2.2759546491410796
sigma_19:-0.12826349323308792
sigma_20:0.601017727834637
sigma_21:-0.3595200826846051
sigma_22:2.001448466971726
sigma_23:-2.1901801182912832
sigma_24:2.0000537335785067
sigma_25:-1.5110223657244204
sigma_26:0.776120012685973
sigma_27:-1.4395415257304058
sigma_28:-0.17141012684604912
sigma_29:-2.0974863825057124
sigma_30:0.558625706362972
sigma_31:0.7113745962985618
sigma_32:-0.41009788064378633
sigma_33:2.454116874998472
sigma_34:-2.2118149373291422
sigma_35:-0.05237766718766475
sigma_36:0.791009176659887
sigma_37:1.46200863630822
sigma_38:-1.1256164118622805
sigma_39:-0.7435881672835365
sigma_40:1.7606477312389746
sigma_41:0.011783373373403641
sigma_42:0.1450828740857229
sigma_43:0.4037962012715297
sigma_44:-1.859239580436236
sigma_45:-1.7661203682199185
sigma_46:-0.40858281202689173
sigma_47:0.3409236573588297
sigma_48:-0.9450736823035445
sigma_49:0.9948379412688634
sigma_50:-0.615859296301007
sigma_51:-0.915787687683968
sigma_52:1.2972466725591356
sigma_53:-0.6056074191663388
sigma_54:0.5464494179881686
sigma_55:-0.08183960909400358
sigma_56:-0.7708586932740955
sigma_57:0.13262573382233583
sigma_58:-1.2366672897265851
sigma_59:0.5746839220262429
sigma_60:-0.3604403544107452
sigma_61:0.6810647123583338
sigma_62:-0.37775314294640433
sigma_63:0.21010945332004366
sigma_64:1.4560607615365038
sigma_65:0.004167360514442547
sigma_66:0.6332157799025189
sigma_67:0.5105834053093281
sigma_68:-1.5152749757698445
sigma_69:-0.8202101977231759
sigma_70:0.048033390201128776
sigma_71:-0.4134401513705074
sigma_72:0.5087645855296098
sigma_73:0.4634044044270658
sigma_74:-0.7075932247311143
sigma_75:-2.981886657112831
sigma_76:0.6340563006043497
sigma_77:0.6552513078248303
sigma_78:-0.440013914947134
sigma_79:-0.9351310152046087
sigma_80:0.887439374297101
sigma_81:-0.8385086499780662
sigma_82:-0.7456723486252168
sigma_83:-1.3746931715087352
sigma_84:0.020437502064998416
sigma_85:0.40072810706772716
sigma_86:-0.5446577642522507
sigma_87:-1.510023338122093
sigma_88:-1.7011800507362291
sigma_89:-0.7791731156066751
sigma_90:2.052077069903347
sigma_91:0.5375008577534429
sigma_92:0.24808446116646635
sigma_93:-0.27962018580035275
sigma_94:-0.1784960370400891
sigma_95:-0.8933088947278696
sigma_96:-0.1393311917651732
sigma_97:0.7257224326309734
sigma_98:-1.2057354896255978
sigma_99:0.9966279482560201
