sigma_0:0.70197135362793
sigma_1:1.0680058492176066
sigma_2:1.1879036807945067
sigma_3:-0.8119291982140401
sigma_4:0.09402854341374327
sigma_5:1.1125439101159507
sigma_6:0.351478637910962
sigma_7:1.489643428275708
sigma_8:0.3787694012536492
sigma_9:1.0752486557123262
sigma_10:0.8554056774090951
sigma_11:-0.11447698366801358
sigma_12:1.816245500123735
sigma_13:0.3313736634472398
sigma_14:-0.9021027285879242
sigma_15:-0.007809650362858565
sigma_16:0.24623217367469807
sigma_17:1.136039581948742
sigma_18:1.5739199787541687
sigma_19:-1.4051633947014366
sigma_20:1.3973332690696574
sigma_21:0.14439019924572832
sigma_22:0.12311917617365879
sigma_23:2.3639746400425405
sigma_24:0.3236731798066685
sigma_25:-0.6650406230602532
sigma_26:0.12571239363697928
sigma_27:0.14189804036744796
sigma_28:-1.1325304922916921
sigma_29:0.5336215777637545
sigma_30:1.249763241823817
sigma_31:1.2870674715307129
sigma_32:-0.2424908472713955
sigma_33:0.9399391604060587
sigma_34:0.18063426538725955
sigma_35:-1.476973704238574
sigma_36:-1.1306162338952777
sigma_37:0.2032564238513445
sigma_38:-0.12169011051713509
sigma_39:-1.219473301782944
sigma_40:-0.36346244933447847
sigma_41:0.19803927010959868
sigma_42:0.0606384451222659
sigma_43:0.9651743372951336
sigma_44:0.1696538213203258
sigma_45:0.37060374017825526
sigma_46:0.008043568744292618
sigma_47:-0.43369589339349823
sigma_48:-0.19449247695854682
sigma_49:1.2232416680521139
sigma_50:0.8436191856138806
sigma_51:-0.8565419168954462
sigma_52:-0.617218952909056
sigma_53:1.4665898371286308
sigma_54:1.9192331030231284
sigma_55:0.7927382263861183
sigma_56:1.5618646862253438
sigma_57:1.6164118144556103
sigma_58:-0.25849168793781263
sigma_59:-0.6978218189543924
sigma_60:-0.20716621224735246
sigma_61:-2.035215090910863
sigma_62:2.281335193763851
sigma_63:-0.036050170126065643
sigma_64:0.20141629537751973
sigma_65:1.580024140445392
sigma_66:1.5828300212067246
sigma_67:-0.8888735880135599
sigma_68:1.2560813992371784
sigma_69:1.081287128394248
sigma_70:-0.9151788990212006
sigma_71:-0.04559146299241054
sigma_72:1.656867945798456
sigma_73:0.8789038649392449
sigma_74:-0.7067314844809469
sigma_75:-1.6521299051026073
sigma_76:-1.1726326419693642
sigma_77:1.3309218383719958
sigma_78:-0.24467005735913255
sigma_79:-0.22264165640271247
sigma_80:0.31401175504679846
sigma_81:0.9727912233855944
sigma_82:-0.20843859883540003
sigma_83:-1.2208339612598142
sigma_84:-0.5752942562536315
sigma_85:0.12968223466661793
sigma_86:-0.5664585508641901
sigma_87:0.33081188618431934
sigma_88:-0.04361695147514417
sigma_89:-0.15028993709854693
sigma_90:-0.7852608723806791
sigma_91:-1.0423605701444976
sigma_92:-0.9954686457087946
sigma_93:-0.07176745237866684
sigma_94:-0.8703762251873961
sigma_95:0.6657845196209642
sigma_96:0.6522991014313428
sigma_97:0.7784774328759461
sigma_98:0.4546161566678988
sigma_99:-0.398773126644511
