sigma_0:-0.36633202899044714
sigma_1:1.3754555212733197
sigma_2:-0.19731951629036157
sigma_3:-3.038643525379494
sigma_4:0.3199329260081761
sigma_5:0.6492516427375906
sigma_6:-2.2901323221299155
sigma_7:0.7490456236440703
sigma_8:-1.6024459345812105
sigma_9:0.9082492661680439
sigma_10:1.4819982555927187
sigma_11:-0.18862154782980703
sigma_12:0.11785930672984954
sigma_13:0.3210627275753998
sigma_14:1.0479143476396877
sigma_15:-0.6168408839924372
sigma_16:0.4099481542920185
sigma_17:-1.4820846920874788
sigma_18:1.4012915700331046
sigma_19:0.3901682122146188
sigma_20:-2.1592819097497125
sigma_21:-0.8288432084416705
sigma_22:-0.8237784027454377
sigma_23:2.475936048544818
sigma_24:0.5667205418535879
sigma_25:0.31899685410705836
sigma_26:-0.5978342284952237
sigma_27:-0.8983669575239795
sigma_28:-0.10686812155124042
sigma_29:-0.6543572364346021
sigma_30:0.491236509577459
sigma_31:0.02951629856561374
sigma_32:-1.4266807049571324
sigma_33:-1.786048734610198
sigma_34:-0.6713932186442082
sigma_35:0.9823660145527728
sigma_36:0.3011890921737809
sigma_37:1.65484295202019
sigma_38:-2.257570168343181
sigma_39:1.170353014042658
sigma_40:-1.3037844254455877
sigma_41:0.41839792472022674
sigma_42:0.11049479783440408
sigma_43:0.7493826943718881
sigma_44:-1.5786890954665018
sigma_45:0.05168615217422768
sigma_46:-1.6252739584965807
sigma_47:-0.5499333182187401
sigma_48:-1.8309692557527188
sigma_49:-0.5083526748342653
sigma_50:0.24609469891770494
sigma_51:-0.17501559866825062
sigma_52:-0.44504064496418033
sigma_53:0.6747668341334115
sigma_54:0.5800217185297409
sigma_55:-0.595350815015771
sigma_56:-1.4312375026234856
sigma_57:0.9256255678430246
sigma_58:1.7101211053479926
sigma_59:-1.7287492885662035
sigma_60:1.0449359543740775
sigma_61:0.2511614527216639
sigma_62:0.350860865366545
sigma_63:-0.54729741584104
sigma_64:1.3191661111443609
sigma_65:-0.026324747509052226
sigma_66:-0.7909296217622196
sigma_67:2.097149437523344
sigma_68:-0.26679240858504616
sigma_69:-0.8255906575735519
sigma_70:-0.5513346323100085
sigma_71:-3.323270627793166
sigma_72:0.6226089672557287
sigma_73:0.8662725341261889
sigma_74:0.15988406087849966
sigma_75:0.24659350981717082
sigma_76:0.4369986068713403
sigma_77:-1.486882429205006
sigma_78:-0.027317104586195077
sigma_79:0.48112270093934056
sigma_80:-1.068544809303848
sigma_81:0.22682047865664187
sigma_82:0.2792406539928942
sigma_83:0.0028014252366606223
sigma_84:0.5173215429813922
sigma_85:-0.6717320510392162
sigma_86:-0.4480047509691809
sigma_87:-0.33528971681503095
sigma_88:0.09800337231452395
sigma_89:-0.18602525735772826
sigma_90:-0.22062822308784372
sigma_91:1.1486988686582702
sigma_92:0.9363653926652648
sigma_93:-0.14853973352888278
sigma_94:0.27365002403614713
sigma_95:-0.5697851419665324
sigma_96:-0.44277478336782833
sigma_97:0.46141901872308144
sigma_98:0.9688729326035965
sigma_99:-1.493717206976407
