sigma_0:0.41398914631149264
sigma_1:-1.4207455770220838
sigma_2:0.05961461887045285
sigma_3:1.5714274585923218
sigma_4:-0.25662678552156737
sigma_5:-0.5082887605980279
sigma_6:-0.38286116035744294
sigma_7:-0.7051960742878983
sigma_8:-0.4193898375579915
sigma_9:0.19843173543152956
sigma_10:1.6614976081072779
sigma_11:1.7223088426149133
sigma_12:2.4908788945048395
sigma_13:1.92180132612832
sigma_14:0.21339790738122522
sigma_15:0.8852387624928838
sigma_16:-0.018994959356478505
sigma_17:1.1647756137245506
sigma_18:-0.09378872229627154
sigma_19:1.3461856859225623
sigma_20:0.41510733394199617
sigma_21:1.0707776855185545
sigma_22:-0.5872508386972064
sigma_23:0.7168043519749123
sigma_24:-0.3216528360359649
sigma_25:0.30758786672476063
sigma_26:-0.24266175590109074
sigma_27:-0.49162499595909037
sigma_28:0.3785142027090713
sigma_29:1.8943371182144957
sigma_30:0.29024235487173566
sigma_31:0.22368651479328291
sigma_32:1.4764311053855546
sigma_33:1.4020906576212584
sigma_34:-0.17795041985569474
sigma_35:0.5705838670155193
sigma_36:-0.1817151327235177
sigma_37:-1.8761804907657371
sigma_38:0.37118660937611514
sigma_39:-1.7618388424810696
sigma_40:-0.1083577271946899
sigma_41:0.5743385307250803
sigma_42:0.3777208080559243
sigma_43:0.3925962584454973
sigma_44:-1.288062449894693
sigma_45:-0.011012650347740897
sigma_46:0.5409702657479059
sigma_47:-1.3786565396177066
sigma_48:-0.9127672184100049
sigma_49:0.21011887402154097
sigma_50:0.2931633344154251
sigma_51:-0.1313450827263664
sigma_52:-0.7815370212161736
sigma_53:1.0486634017380234
sigma_54:-0.1869532635608341
sigma_55:0.3362931778601993
sigma_56:-1.7334582297424186
sigma_57:-2.4224812713975585
sigma_58:0.30534531783583785
sigma_59:-0.07939683913272917
sigma_60:-0.7097864938325117
sigma_61:-0.09340349362262883
sigma_62:-2.266492355215117
sigma_63:-0.015707971673060202
sigma_64:1.12427629317641
sigma_65:-0.6516630321524082
sigma_66:-0.09489643935850227
sigma_67:-0.7546455401751215
sigma_68:-0.6916859126174736
sigma_69:0.5408768173432962
sigma_70:-1.1364666416667843
sigma_71:-0.4827672277062592
sigma_72:0.2446248786104397
sigma_73:1.5681437917944907
sigma_74:-0.9367725030280782
sigma_75:-0.9518156760569361
sigma_76:-0.2243240832171765
sigma_77:3.271992584649093
sigma_78:2.0298415231069598
sigma_79:-0.21252964601777197
sigma_80:0.6981798053709134
sigma_81:-0.5090274428537045
sigma_82:-0.4787748996507909
sigma_83:-0.27643526444820476
sigma_84:0.2837999727795657
sigma_85:1.079458419399056
sigma_86:0.12393622397359426
sigma_87:-0.2659550332800262
sigma_88:0.6804066906470975
sigma_89:-0.08146893138516609
sigma_90:-0.857152212595354
sigma_91:0.23086491810325047
sigma_92:1.0596538664024178
sigma_93:-0.37875866659333013
sigma_94:1.0855982857976059
sigma_95:0.17305162932157522
sigma_96:1.4369833327946322
sigma_97:0.33219660302524723
sigma_98:-1.702280908327148
sigma_99:-0.902870343009705
