sigma_0:1.6051792796237747
sigma_1:-0.649185573607943
sigma_2:-0.5788819748177333
sigma_3:0.8734096939130434
sigma_4:-0.8914836260904925
sigma_5:-0.8609344671542618
sigma_6:-0.39011597879416593
sigma_7:-0.4069913774536384
sigma_8:-1.9725314647529386
sigma_9:-0.5895326897794544
sigma_10:-1.9031518898729276
sigma_11:-1.5475223098797815
sigma_12:0.44085483425070743
sigma_13:0.38303831025158974
sigma_14:0.13091589698384243
sigma_15:-0.32926129524796793
sigma_16:-0.6314867694422646
sigma_17:-0.1120634121259915
sigma_18:-1.028158733465762
sigma_19:0.5717312516585598
sigma_20:0.4074933841063705
sigma_21:-0.11405815553562006
sigma_22:0.46584738949526694
sigma_23:-0.3984941545947473
sigma_24:0.29469241325907497
sigma_25:-0.8520316651740764
sigma_26:-0.9971280895820195
sigma_27:1.217444467029868
sigma_28:-0.21985196861324166
sigma_29:-0.7340857743879742
sigma_30:-0.6891643248021968
sigma_31:-0.1432148702165791
sigma_32:1.7432270939744587
sigma_33:-0.5742704383993897
sigma_34:0.588283737443597
sigma_35:0.7926656430394684
sigma_36:0.3736385920470268
sigma_37:-0.017801167492510084
sigma_38:-0.3440717250527469
sigma_39:2.219424790935958
sigma_40:1.5774580622328667
sigma_41:0.6775953440899153
sigma_42:0.7827014134742327
sigma_43:0.49319361701836417
sigma_44:-0.3710127129841228
sigma_45:1.6519874315450631
sigma_46:-1.697291841334707
sigma_47:-0.678046679990918
sigma_48:1.625082189652488
sigma_49:0.3109121635797129
sigma_50:0.3027256234838893
sigma_51:-1.4955545313074394
sigma_52:-0.09646779996281821
sigma_53:1.870684340217025
sigma_54:0.34474786190104845
sigma_55:0.11989455066312522
sigma_56:0.8688763079546232
sigma_57:-0.7977363620195527
sigma_58:-0.11975985404461763
sigma_59:1.652578684305199
sigma_60:0.2108067838282296
sigma_61:0.9605255768043006
sigma_62:0.3926233197962927
sigma_63:0.2663837175768828
sigma_64:-0.9217103925741446
sigma_65:0.7510235268043396
sigma_66:-1.0379399912472402
sigma_67:2.0272032562008753
sigma_68:1.1725075251290955
sigma_69:-1.1622370973767155
sigma_70:1.1832176291836647
sigma_71:-1.05189364607905
sigma_72:0.8506894616522798
sigma_73:0.289089768636708
sigma_74:1.7195721069621972
sigma_75:-0.13767708043952265
sigma_76:1.0950827280971431
sigma_77:1.1915038366684505
sigma_78:0.3343232346916258
sigma_79:-2.727080304650781
sigma_80:0.7756060592962093
sigma_81:-1.9676566073728494
sigma_82:0.2746679701557043
sigma_83:0.48169102672456837
sigma_84:0.022234020655558944
sigma_85:-0.5620900670675778
sigma_86:-2.109871095426835
sigma_87:-0.6040162082361925
sigma_88:-1.991069986578355
sigma_89:1.2901985482921716
sigma_90:-0.7018105049211101
sigma_91:-0.9776762379463578
sigma_92:-0.3654682095091835
sigma_93:1.934161552977494
sigma_94:1.64270861255639
sigma_95:0.5138307759074077
sigma_96:-1.77693594851513
sigma_97:-0.4402752182972763
sigma_98:-1.000577465022243
sigma_99:-0.1442762151826271
