sigma_0:-1.955713115733418
sigma_1:-0.36521048445190846
sigma_2:-1.0576784085027813
sigma_3:1.3549850949479896
sigma_4:0.4269234331968434
sigma_5:1.616437913983105
sigma_6:-0.5246229116454724
sigma_7:0.5412546638877382
sigma_8:-2.52878240266431
sigma_9:0.9605593230895264
sigma_10:-0.24266465564943765
sigma_11:-0.5974627477566206
sigma_12:0.5116023662969342
sigma_13:0.298864333627958
sigma_14:-0.9977670764582118
sigma_15:-0.1868289409571083
sigma_16:-0.9661218836343037
sigma_17:1.9576365872850323
sigma_18:0.7864806304910439
sigma_19:-2.1016503622401994
sigma_20:-0.8049650110932873
sigma_21:1.412159388915909
sigma_22:0.2778757270509314
sigma_23:-0.2909164035759705
sigma_24:0.09748492289445809
sigma_25:0.5888232065047292
sigma_26:-1.1108248038512358
sigma_27:0.6308245337477619
sigma_28:-0.6340345167520096
sigma_29:1.0747821541922855
sigma_30:0.7990857074935841
sigma_31:-1.3210031229791337
sigma_32:0.6376472049480968
sigma_33:1.806362293011605
sigma_34:0.5552512056371046
sigma_35:-0.95111743569473
sigma_36:-2.0613701484740794
sigma_37:1.7625056002504713
sigma_38:0.5148644389461421
sigma_39:-0.2194830590990353
sigma_40:3.5603262692113824
sigma_41:0.7461903464114633
sigma_42:-1.016018356437995
sigma_43:-1.682369376713295
sigma_44:-0.3542997077545276
sigma_45:-0.7637907591458993
sigma_46:0.0895192079639405
sigma_47:-1.5388162206254687
sigma_48:-0.32877281378496936
sigma_49:-0.7641929288837211
sigma_50:-0.6051185309611101
sigma_51:-0.21274660642030915
sigma_52:0.4553343347671522
sigma_53:-0.27638887402780266
sigma_54:-0.3067414790665409
sigma_55:1.1614754571555195
sigma_56:0.08692917696016372
sigma_57:-1.3600633035295713
sigma_58:-0.9657104896635371
sigma_59:-1.882564241279388
sigma_60:1.4188274817198514
sigma_61:-0.8245125757281451
sigma_62:0.805143031408294
sigma_63:-1.0235848763962623
sigma_64:0.5735045870459018
sigma_65:0.7499548006546704
sigma_66:0.5973986653350188
sigma_67:-0.7410197990285758
sigma_68:-0.4247466076894862
sigma_69:2.5897558920474935
sigma_70:-1.2086183898207206
sigma_71:0.6162006392417482
sigma_72:-0.6814524213402272
sigma_73:-0.8185194899054434
sigma_74:2.3452259678961243
sigma_75:-0.12530509711258692
sigma_76:-0.04293493350470319
sigma_77:1.0379147735351248
sigma_78:1.7406128842606177
sigma_79:-0.1890519368441579
sigma_80:-0.5391842042771368
sigma_81:-0.7022680271827689
sigma_82:-0.7601387182514328
sigma_83:-0.6281054136413649
sigma_84:1.226197644494339
sigma_85:-1.559340092000363
sigma_86:-0.5929571149263999
sigma_87:-1.105168040238753
sigma_88:-0.46061788117892766
sigma_89:0.3041349868404868
sigma_90:-0.5283033117304724
sigma_91:-0.1041172498134706
sigma_92:-0.42366963747694864
sigma_93:1.4016292277051132
sigma_94:-0.3990251694655997
sigma_95:1.8552014174611389
sigma_96:-1.4245791039213225
sigma_97:1.0400417996545295
sigma_98:-0.03071966291759286
sigma_99:-1.195239202049247
