initial_step:0.3962954476385774
p_0:-0.954045355443573
p_1:0.847410482831656
p_2:-0.41595395254039813
p_3:-0.9355460929818697
p_4:0.2431964684926009
p_5:-0.28123970369006224
p_6:0.7566805963920631
p_7:-0.4247874314193105
p_8:0.8808089068234148
p_9:-0.7097264715588743
p_10:-0.32324943362074854
p_11:0.8010264571321457
p_12:-0.30975567258119674
p_13:0.07881968676110263
p_14:-0.6801804748859046
p_15:0.025234750694475894
p_16:-0.594354318563912
p_17:0.7620175913989804
p_18:0.43049362786500933
p_19:0.12711988884666003
p_20:-0.2245669159427297
p_21:0.6130249597820305
p_22:-0.12526941722254148
p_23:-0.9457032666833165
p_24:0.28294291142910355
p_25:0.6213640783800116
p_26:0.43973450623139754
p_27:0.953550294533583
p_28:0.6024295827455106
p_29:-0.9471631448974582
p_30:-0.993688810848993
p_31:0.008205523424041239
p_32:0.1393007661032637
p_33:0.46427488223712166
p_34:0.21713910484617038
p_35:-0.7325646139586077
p_36:0.5249756377918668
p_37:-0.7422553125624827
p_38:-0.27891339493886824
p_39:0.15586405442476114
p_40:0.9721390457986254
p_41:0.13441221238667667
p_42:0.9050459387115777
p_43:-0.5478414320733178
p_44:-0.7122424652517334
p_45:0.9544391781344777
p_46:-0.07692359376287028
p_47:0.04533087249583856
p_48:0.057865574341123605
p_49:0.9423110091702134
p_50:0.8836393892391476
p_51:0.3325584392961738
p_52:-0.9400416881795026
p_53:-0.03448502943065379
p_54:-0.8474900601809963
p_55:-0.549457179876349
p_56:-0.7693539639820737
p_57:-0.9754815833122161
p_58:-0.08410274648024063
p_59:-0.4901229202707811
p_60:0.30948128438184663
p_61:0.8515592363520532
p_62:-0.4125664849286552
p_63:0.4404890414821889
p_64:-0.21860070234050566
p_65:-0.20972103624256788
p_66:0.1584203997732525
p_67:-0.17340632561900526
p_68:0.7173359962772738
p_69:0.7084885169174429
p_70:0.4886591560198419
p_71:-0.5031710949774575
p_72:0.8665996341827789
p_73:-0.23582383264491025
p_74:-0.15625449143269732
p_75:0.8350354225484893
p_76:-0.4905034286237575
p_77:0.15167722005506779
p_78:-0.5642641072747951
p_79:-0.7671090878006086
p_80:-0.13524732844281662
p_81:0.746709834377993
p_82:0.3223759099877419
p_83:0.2872336331197358
p_84:-0.18892853925484476
p_85:-0.18785141241783387
p_86:0.8081258722145381
p_87:-0.5896443647345808
p_88:0.40590320631867427
p_89:-0.17528750218938516
p_90:0.2312662959988978
p_91:-0.8060711351078038
p_92:-0.6901094013591149
p_93:0.055748240523803894
p_94:-0.7717616347435299
p_95:-0.34259370992804117
p_96:-0.08619967637105597
p_97:0.5026884719953693
p_98:-0.4018976947866659
p_99:-0.27439163534439004
p_100:0.8214249664449575
