initial_step:0.7904201054018535
p_0:-0.7117259803445897
p_1:-0.9123124057002443
p_2:-0.48708274416696895
p_3:0.9637867952018624
p_4:-0.1636948534242597
p_5:-0.2563889354462925
p_6:-0.8562036029401539
p_7:-0.9888845255281598
p_8:-0.6284797649625309
p_9:-0.982994943156654
p_10:0.865546950490288
p_11:-0.11509948793387959
p_12:-0.08800435687675812
p_13:-0.4483728920038197
p_14:-0.7211069550551037
p_15:-0.5779160815377371
p_16:0.703727899445826
p_17:-0.8101797111285525
p_18:-0.565729251634812
p_19:-0.47043472030823574
p_20:0.46367164167966024
p_21:-0.12038028013412294
p_22:0.551401802586525
p_23:-0.8047373830049389
p_24:-0.5384835113631523
p_25:0.7460178697758206
p_26:0.13046675174227973
p_27:-0.28013853208402595
p_28:-0.09966608105780161
p_29:-0.4743223563388137
p_30:-0.11279487457556381
p_31:0.061013904159060495
p_32:0.032085754596196114
p_33:-0.9813838467968963
p_34:0.6989656541162232
p_35:-0.5009768734332429
p_36:-0.7338868191210293
p_37:-0.006519508760359338
p_38:-0.3513790003708459
p_39:-0.867959621077264
p_40:0.4371519662048311
p_41:-0.4323104639488662
p_42:-0.7258538080874257
p_43:0.5635439500311594
p_44:-0.24981464686951704
p_45:0.47236287376079944
p_46:0.28663243562528673
p_47:0.2677667287327852
p_48:0.4825077520631502
p_49:-0.16108142603497844
p_50:0.13452388493659084
p_51:-0.8416456336229119
p_52:0.7249674833317115
p_53:0.5301864443555491
p_54:-0.6900482459391841
p_55:-0.9153651087059878
p_56:0.8914601862538729
p_57:-0.30087880729842453
p_58:-0.8863266747845406
p_59:0.3386810087286747
p_60:0.07440407128597437
p_61:-0.5351428546427184
p_62:-0.6036352136231227
p_63:-0.9525563465129847
p_64:-0.38275869298182674
p_65:-0.2116762230465543
p_66:-0.7273694383686613
p_67:-0.24117077093372363
p_68:-0.1674205919786882
p_69:0.2085110481033159
p_70:0.7404027402623379
p_71:-0.21780224565173567
p_72:0.7006978585645993
p_73:-0.46046929347983334
p_74:0.7943959074765339
p_75:0.820359428179203
p_76:-0.3726278581960447
p_77:-0.1079311072781004
p_78:0.9855568772920511
p_79:0.18347902745763123
p_80:0.6204694887850764
p_81:0.5818489086676182
p_82:0.25445694900403315
p_83:0.2887664602815181
p_84:0.22071774967811075
p_85:0.6621934069778359
p_86:-0.5253133724593193
p_87:-0.9967129441199405
p_88:-0.45551362573023324
p_89:0.5418299716783228
p_90:0.2923331230770436
p_91:-0.920450805251559
p_92:0.41076183989559323
p_93:-0.41643962028130166
p_94:-0.3514743635730173
p_95:0.25005388602675294
p_96:0.05029717336810213
p_97:0.3000922908292496
p_98:-0.924636824691
p_99:-0.5470340839984846
p_100:0.21075757865449263
