initial_step:0.8990466315013282
p_0:0.6728251342182867
p_1:0.7475582264454042
p_2:0.06838407519444045
p_3:-0.5868931800500254
p_4:-0.9212619865375022
p_5:0.32879542087382685
p_6:-0.8235329867394761
p_7:0.4344539047418603
p_8:0.18265911667196977
p_9:-0.06930552400051804
p_10:-0.9773755808422429
p_11:0.6763137667770067
p_12:-0.5157823223289832
p_13:-0.09517858305625015
p_14:-0.9533840111062812
p_15:0.12227873301457337
p_16:-0.20453543657955664
p_17:-0.23251211252924286
p_18:-0.4995120465796181
p_19:0.08478633719717465
p_20:0.08555842640521383
p_21:0.013590156127188058
p_22:0.36814291327827786
p_23:-0.4017204809226058
p_24:-0.9559708226899668
p_25:-0.46954020730684576
p_26:-0.720915936483181
p_27:-0.39737681380606094
p_28:0.6607662953981457
p_29:0.8016901601106086
p_30:0.8636040173302275
p_31:0.07160332494862343
p_32:-0.7673675674612781
p_33:-0.044063734108985786
p_34:-0.5526595851095757
p_35:0.5572499520410181
p_36:0.27816475988638945
p_37:0.004570404046398524
p_38:0.0982545093400089
p_39:-0.24114152445716508
p_40:-0.37181215663547285
p_41:0.751110224780599
p_42:0.43785211233521193
p_43:-0.7235229848560858
p_44:-0.22553433793938082
p_45:0.17768082290838882
p_46:0.41016009997192393
p_47:0.5227182174559151
p_48:0.35134813192951686
p_49:0.5577497235779989
p_50:0.9641149776909483
p_51:-0.6778481141062269
p_52:0.8041941398728507
p_53:-0.7098844405323612
p_54:0.5364233919654768
p_55:0.573284045055916
p_56:0.0005952901338728278
p_57:-0.7715056914298148
p_58:-0.9911535924053381
p_59:0.01410771296844815
p_60:0.027185146204921073
p_61:0.20226377569647758
p_62:-0.19899682568067423
p_63:-0.8306308163611054
p_64:0.08280789995547111
p_65:-0.04127079825033997
p_66:-0.43859573096789006
p_67:-0.7538732355787705
p_68:-0.51129071639606
p_69:0.29047182172014985
p_70:-0.23020509937338418
p_71:0.30908703073839283
p_72:-0.11894176521063904
p_73:-0.4197184552770177
p_74:-0.45182098241764757
p_75:0.06698964585920097
p_76:-0.5071540714562575
p_77:-0.6736044533944889
p_78:-0.35366040831899936
p_79:0.8562764440034369
p_80:0.7021618764405975
p_81:-0.06076382093132593
p_82:0.22281889275312694
p_83:-0.7791728882569371
p_84:-0.8049449400489177
p_85:0.3322004193141168
p_86:0.001001415610605072
p_87:0.3521947189790129
p_88:0.6091310534489633
p_89:0.4869752496573909
p_90:0.8503049453913039
p_91:0.8516750010135672
p_92:-0.16931609251468127
p_93:0.8348559776800726
p_94:0.6626858396440798
p_95:0.33853009490139296
p_96:-0.6221785808201814
p_97:0.937216582963788
p_98:0.8877307887542472
p_99:-0.03721386422370365
p_100:0.7979416134898463
