initial_step:0.7330678299303123
p_0:0.7409688637180352
p_1:-0.22748623739172102
p_2:0.357113570200734
p_3:0.15750405909894605
p_4:0.14821311685155103
p_5:0.5367772875593904
p_6:-0.5010323870816769
p_7:-0.45084434762872494
p_8:-0.3472075298606554
p_9:0.5088977902831862
p_10:0.16992736062695024
p_11:-0.9014296106857089
p_12:-0.8835701957537843
p_13:-0.5191216710917734
p_14:-0.7345283320323246
p_15:0.5810132342208858
p_16:0.09336416645779977
p_17:-0.20938081437346812
p_18:-0.7130111449825138
p_19:0.06552286796172169
p_20:0.40258703553853814
p_21:-0.10255351802467971
p_22:-0.9669834079933599
p_23:0.537829123405354
p_24:0.18598684208671035
p_25:-0.002314298262477976
p_26:0.30548628976140324
p_27:-0.5716221670204444
p_28:0.6510672932985946
p_29:-0.5112774511302354
p_30:-0.2684870304851317
p_31:0.7599228806449239
p_32:0.8445262376388643
p_33:-0.2461974246517915
p_34:0.5474951616670964
p_35:-0.730796077572405
p_36:-0.06853418531309718
p_37:-0.5980953424500985
p_38:0.5282036196437594
p_39:-0.535994615775994
p_40:-0.5472128273606214
p_41:0.5329438001412719
p_42:0.3998053889311859
p_43:0.5641924608054603
p_44:-0.31863844193065316
p_45:-0.6949733902974442
p_46:0.2700732196511697
p_47:-0.05807954977775642
p_48:-0.13426960712933944
p_49:0.21650870938107425
p_50:0.17457179637425102
p_51:-0.5520945848493994
p_52:0.2576412921590545
p_53:0.9210879757177797
p_54:0.7854902211759378
p_55:0.6657563205382881
p_56:0.37318311843731156
p_57:-0.39344929035214493
p_58:0.25823538254957223
p_59:0.36021458673403717
p_60:-0.6804106397037757
p_61:-0.04386833267563284
p_62:-0.09313106276830951
p_63:0.3635188720391216
p_64:-0.0316462800031132
p_65:-0.3039041506329372
p_66:0.6504972047939117
p_67:-0.8099131491891638
p_68:-0.9384623357487052
p_69:-0.23949420177456493
p_70:-0.2989477251401893
p_71:0.7806653413651974
p_72:0.9673752910208546
p_73:-0.2887846023065488
p_74:-0.07389328695082598
p_75:0.9086533767009786
p_76:0.9206371463967293
p_77:0.815946449896777
p_78:0.7807830914791529
p_79:0.853708317697752
p_80:-0.24368071361023125
p_81:0.6226436294199089
p_82:-0.8139970261892191
p_83:-0.019018895002373082
p_84:-0.5059907368738243
p_85:0.5263749588850644
p_86:-0.7533499953812106
p_87:0.2984414597310401
p_88:0.6440912817094226
p_89:0.9040570781305814
p_90:0.596474381797826
p_91:0.24284539490767587
p_92:-0.10143362294538183
p_93:0.9292613140972783
p_94:-0.7750086419653603
p_95:0.432687416649042
p_96:-0.3472865901800961
p_97:-0.25386958768646406
p_98:-0.2792558816568189
p_99:-0.651711512878868
p_100:-0.5399242849628985
