initial_step:0.9686372803581084
p_0:0.03354518098815795
p_1:0.7202373856388007
p_2:-0.30040557798073775
p_3:-0.6840240784400011
p_4:-0.7686833900498131
p_5:0.719947833903384
p_6:-0.7321016284890407
p_7:-0.6010266519548348
p_8:0.5743965683883456
p_9:0.8002370452975576
p_10:-0.3796279026461531
p_11:0.3896436931203644
p_12:-0.8529716101040337
p_13:-0.20019242997592657
p_14:-0.44778337622482134
p_15:0.3791642301574485
p_16:0.99233711967658
p_17:-0.7181219036861624
p_18:-0.7903982292648635
p_19:-0.3314511521979955
p_20:0.6532652321254726
p_21:0.8741793499778561
p_22:0.06124772382686361
p_23:-0.9624543575906748
p_24:-0.6583408227809986
p_25:-0.7002358284991754
p_26:0.6318515193649508
p_27:0.686335229580407
p_28:-0.48489531924998386
p_29:-0.7920930649566376
p_30:-0.857247734921222
p_31:-0.2451998647385032
p_32:0.46073582353529696
p_33:-0.5551098740596783
p_34:-0.4991013703804723
p_35:0.7761394656427705
p_36:0.39375476650791974
p_37:0.8056100787059239
p_38:-0.19389711828614598
p_39:0.3251765475420698
p_40:0.04630812659616668
p_41:0.5426340527522349
p_42:0.39991905700272556
p_43:-0.9588955439314475
p_44:-0.11313388699610183
p_45:-0.7100678662419526
p_46:0.9474220734309766
p_47:0.39102609352453555
p_48:0.1365024211577761
p_49:-0.13193485031288565
p_50:0.25431925390140653
p_51:0.6467026538572751
p_52:-0.6979922627001314
p_53:0.47702902624398846
p_54:0.28647532601885506
p_55:-0.11192688503065806
p_56:-0.6248097610164123
p_57:-0.7625880394080373
p_58:0.5868641023533725
p_59:0.6802973915063246
p_60:-0.9480225697138149
p_61:-0.1538452101645884
p_62:0.14222433044710825
p_63:-0.8697283050991049
p_64:0.10962616172498585
p_65:-0.19578643533247186
p_66:-0.4210698383105853
p_67:-0.727553947417694
p_68:0.4703781937545195
p_69:0.7669241468938717
p_70:-0.8734516217273212
p_71:0.310343060884239
p_72:-0.14837624701511776
p_73:-0.7363111317426054
p_74:-0.30300077439877127
p_75:0.0008654843022108949
p_76:0.1250540722253497
p_77:0.5855634174407696
p_78:0.6155245671903606
p_79:0.16973644433784396
p_80:-0.16610001619693793
p_81:0.6189409868789006
p_82:0.5007331796311509
p_83:-0.3102343824151286
p_84:0.4944322164893684
p_85:-0.35712418349763064
p_86:0.31730795099965436
p_87:0.6846642605194344
p_88:0.37451954535859455
p_89:-0.5290732864830088
p_90:0.08260491344222065
p_91:0.07521662549749619
p_92:0.5598573619147755
p_93:-0.816374507621465
p_94:-0.6398860707280494
p_95:0.7795652127175723
p_96:-0.07126634308162849
p_97:0.5737470429106137
p_98:-0.2417460171996424
p_99:-0.6503335081080235
p_100:-0.2320776170676928
