initial_step:0.5582629598491494
p_0:-0.7744860624708909
p_1:0.16308884418806913
p_2:-0.07351895588955037
p_3:-0.539695155516094
p_4:0.7655482323304512
p_5:-0.18551722338054177
p_6:0.7341864919236991
p_7:-0.9324379352728627
p_8:0.23610812082713473
p_9:0.3808342845191006
p_10:-0.372225166401174
p_11:0.0003806371426837707
p_12:-0.22897579389806433
p_13:0.013227162478272714
p_14:-0.3124111325729748
p_15:-0.6236693838798135
p_16:0.22529795952537013
p_17:0.3223339694089029
p_18:0.22843384128641886
p_19:-0.19742971182556435
p_20:0.6366388639446945
p_21:-0.7672738695057022
p_22:-0.9584093158137144
p_23:-0.35379427818468856
p_24:-0.8819981868261186
p_25:0.766856902345213
p_26:0.980085349376919
p_27:-0.18574449228998557
p_28:-0.777818664250022
p_29:0.9860472634372819
p_30:-0.33461579577170353
p_31:0.9135870631739487
p_32:0.1284776440966997
p_33:-0.1057396287647594
p_34:-0.7998215316926862
p_35:0.6669311299792009
p_36:0.9393127995364059
p_37:0.9109074180456009
p_38:0.27777503588309993
p_39:0.5402942868080098
p_40:-0.9209735925750133
p_41:0.4937981204733928
p_42:0.4417883667995499
p_43:-0.02799263362652593
p_44:0.7004274990997859
p_45:-0.07265898466818954
p_46:-0.42146143601212516
p_47:0.5015586966898848
p_48:0.43585618131342163
p_49:-0.1392777385860331
p_50:-0.5424306691254832
p_51:-0.3235606567016278
p_52:-0.5737975180109502
p_53:0.014907653788775121
p_54:0.3458211483448399
p_55:0.0746935973245697
p_56:-0.413520317665073
p_57:-0.3319143765178325
p_58:-0.12722714186596318
p_59:-0.01396391753247439
p_60:0.627186815531531
p_61:0.9353124082083093
p_62:0.13224981357120558
p_63:-0.35489597131419637
p_64:0.9016331142392278
p_65:-0.975710329763275
p_66:0.6285530910528574
p_67:0.2179528077819297
p_68:-0.15306203180610134
p_69:0.7498216003039153
p_70:0.7765447978621116
p_71:-0.0834901268755246
p_72:0.71705930532927
p_73:-0.6530535847222685
p_74:0.7684164257266175
p_75:0.9938924219280361
p_76:0.523555062994524
p_77:0.31935626006503726
p_78:-0.4266772304265898
p_79:-0.04721132648022208
p_80:0.6810492579508489
p_81:-0.14016146509746785
p_82:0.2065337006302288
p_83:0.12206204541893473
p_84:0.7093125708257917
p_85:-0.44428526285043235
p_86:0.9530227102797797
p_87:0.7821179865390833
p_88:0.9455354143137242
p_89:0.783186027255576
p_90:0.5703637055553912
p_91:-0.760977891735205
p_92:-0.5100924679719412
p_93:-0.34368094579559205
p_94:-0.19858435533028373
p_95:-0.6513094899776839
p_96:0.44343664141369366
p_97:0.7090956707608176
p_98:-0.5771611727894752
p_99:-0.9000719745231249
p_100:0.7302032914094136
