initial_step:0.39611443561311455
p_0:0.7867770063131825
p_1:0.3339641282995185
p_2:0.6562014851489573
p_3:-0.6840168467242962
p_4:0.10985234445840497
p_5:-0.7839262522308426
p_6:-0.7745958325156317
p_7:0.443870548223966
p_8:-0.29628033929905184
p_9:0.565276181362304
p_10:0.18477931803256653
p_11:-0.2961967908499339
p_12:-0.5922419185599854
p_13:0.8922534667659618
p_14:0.16761891641694837
p_15:-0.6625457203390139
p_16:0.1057146687685604
p_17:-0.28945153693387105
p_18:-0.46244342782018544
p_19:0.22578950519124197
p_20:0.7506559789979579
p_21:0.7955728343382524
p_22:0.6894319428646623
p_23:0.03689754913342447
p_24:0.2814957655785624
p_25:-0.9930560283569132
p_26:-0.40080040614820667
p_27:0.6011881060947846
p_28:-0.6321175892664379
p_29:0.7917744502592179
p_30:-0.0678978203393572
p_31:-0.3193737598200117
p_32:-0.2973815825022792
p_33:0.6188900195481717
p_34:0.28663318206865873
p_35:-0.7466861718343571
p_36:-0.5269032173381443
p_37:-0.3916700248804361
p_38:0.6243827735005623
p_39:-0.09308346911894905
p_40:0.47034815979462063
p_41:-0.9717518134369956
p_42:-0.35793999569952195
p_43:-0.195301905884399
p_44:-0.39772703039955415
p_45:0.3889298904224032
p_46:-0.8164410741696004
p_47:-0.09937948603431623
p_48:-0.32752384316494076
p_49:0.6438613109866529
p_50:0.2881857245025936
p_51:-0.8357999901696054
p_52:-0.5108230282668487
p_53:0.08943250142452919
p_54:0.367592713220527
p_55:0.8284689356520292
p_56:0.07340922130675032
p_57:-0.9468371531024364
p_58:-0.13068278658907406
p_59:-0.9037237770853113
p_60:-0.6870663218757846
p_61:0.006604916150432905
p_62:-0.9950147929648474
p_63:0.5721911810732474
p_64:0.33552665022118666
p_65:0.8920356357444934
p_66:0.6022504413524621
p_67:-0.6957841768864794
p_68:0.9042532430702312
p_69:-0.3901026224126871
p_70:0.3192957580032405
p_71:0.3184021858526158
p_72:-0.08797009647754539
p_73:-0.8983339952157414
p_74:0.6766501222227443
p_75:0.6477647458860429
p_76:0.86639832062712
p_77:0.3971960725397863
p_78:0.19507638308871322
p_79:-0.601576140938936
p_80:0.5207902307898482
p_81:0.37794661441705846
p_82:-0.525761181553593
p_83:-0.819359947941867
p_84:0.3621367148468666
p_85:-0.6872977676816008
p_86:-0.6565647184044319
p_87:-0.25335293517899826
p_88:-0.9051227706564609
p_89:-0.7893848162883943
p_90:-0.3712898443034418
p_91:0.5965246004762457
p_92:-0.9798837820683954
p_93:0.3026072221826317
p_94:0.16388011158132798
p_95:0.6387463865880487
p_96:0.9502839372550447
p_97:0.35225825517177833
p_98:0.3388350721546789
p_99:0.770449617255871
p_100:-0.8502029646897271
