initial_step:0.236076082341394
p_0:-0.14124263826104744
p_1:-0.7964436111765418
p_2:-0.31711529668360416
p_3:0.9643028152929884
p_4:0.0547460292406583
p_5:0.7338267271378633
p_6:0.32887132629606497
p_7:-0.06183105990319926
p_8:-0.14856881735819516
p_9:-0.9252360533603032
p_10:-0.13029009795368895
p_11:-0.012429866395227585
p_12:0.06482378609036821
p_13:0.7692542718709603
p_14:0.2163410648741213
p_15:0.7576022971761209
p_16:-0.9388955048708751
p_17:-0.3803945028507836
p_18:-0.22713423210811357
p_19:0.9166659347464408
p_20:-0.015602772472300908
p_21:0.20762149271672237
p_22:0.5448672567001009
p_23:-0.11809175766959945
p_24:0.4934096518742428
p_25:0.5292666384741676
p_26:-0.8340699290742668
p_27:-0.3012923471077371
p_28:-0.39064539570415757
p_29:0.7688128399675724
p_30:-0.9881604030787037
p_31:-0.2265608241174486
p_32:-0.7114194459017105
p_33:0.5713524149225062
p_34:-0.48599602434003786
p_35:0.32229732540756206
p_36:-0.13650911643350705
p_37:-0.8508767538840305
p_38:-0.4324384544919635
p_39:-0.9475366704131725
p_40:-0.3767418333754673
p_41:0.3684163800175764
p_42:0.32155532987631963
p_43:-0.5913965315620242
p_44:-0.6262864072533625
p_45:-0.9718710259885013
p_46:0.40989185101243564
p_47:-0.5979168391283476
p_48:-0.4773089189746884
p_49:-0.19472777662756124
p_50:0.20910628506582407
p_51:-0.8229766035103021
p_52:0.07770283547630341
p_53:-0.7196587628543696
p_54:-0.1878870845092957
p_55:0.49953956548815537
p_56:0.3251712808691751
p_57:0.85932784647148
p_58:-0.8321956805213973
p_59:-0.6044071636577073
p_60:-0.7286205958269671
p_61:-0.3213489221942598
p_62:0.37621998726795813
p_63:-0.9251204057983669
p_64:-0.15542958987275912
p_65:0.684524727762551
p_66:-0.08365671164384758
p_67:-0.7094542843685534
p_68:-0.24015066918590344
p_69:0.23574369415511565
p_70:-0.7661356019246852
p_71:-0.5728363226099031
p_72:-0.16939108605336672
p_73:-0.3713960481292615
p_74:-0.07981547208739292
p_75:-0.5423840355151373
p_76:-0.49409407887004253
p_77:0.6405599482523805
p_78:0.8970887737089304
p_79:-0.30750433605586425
p_80:-0.4099764907596497
p_81:-0.7920976304640774
p_82:-0.1071156451579598
p_83:-0.2876170808021068
p_84:0.6201753968566415
p_85:0.6878164723164113
p_86:-0.8219051119331913
p_87:0.8962736500875048
p_88:0.36957404593928755
p_89:0.58288009142347
p_90:-0.028427315326500002
p_91:-0.6523480654226828
p_92:-0.975368125509054
p_93:0.11232971721228724
p_94:-0.6068055798979612
p_95:0.2508149329373728
p_96:-0.09120594219671485
p_97:0.5794953447591122
p_98:-0.43259053741007736
p_99:0.22996165076293318
p_100:0.9692477279932306
