initial_step:0.6656810901107341
p_0:0.11598617699395763
p_1:0.3864613918728328
p_2:0.7107418441898941
p_3:0.46503240229871823
p_4:-0.8550622748671157
p_5:0.8001420265267687
p_6:0.18663082031801403
p_7:0.34688200615024845
p_8:0.20764741748525783
p_9:0.9831554288530868
p_10:-0.1903814124482741
p_11:0.32305520750924877
p_12:-0.7640880144155702
p_13:-0.21015343568593936
p_14:0.4976683991427777
p_15:-0.9614018666394362
p_16:0.15351713035034575
p_17:-0.28256983373301536
p_18:-0.019215142372104976
p_19:0.7813282958848649
p_20:0.8714489185136973
p_21:0.5944607201207384
p_22:-0.30641000881845404
p_23:0.3867040588835575
p_24:-0.8917991746213607
p_25:-0.8998457702314275
p_26:0.9515263058877186
p_27:0.43629307496994074
p_28:-0.8426451383137705
p_29:-0.3811113703369515
p_30:0.43611716746914553
p_31:-0.3300265700443743
p_32:0.03645932380511541
p_33:-0.02437244645807124
p_34:0.44939976584795494
p_35:0.9360577164793786
p_36:-0.28391787129301815
p_37:0.849859423041381
p_38:-0.49427753491018467
p_39:-0.5913395525330636
p_40:0.4124655604356684
p_41:0.6397245489902927
p_42:0.059691256645624025
p_43:0.4854907314694763
p_44:0.845040804032692
p_45:0.32517140943396394
p_46:0.85502058075942
p_47:0.9623536979701799
p_48:0.9441414391221792
p_49:0.27441695259577115
p_50:0.10128664755698402
p_51:0.5520767185587783
p_52:0.3830424695309729
p_53:0.08366464106378668
p_54:-0.6620505065029612
p_55:0.19233008251897799
p_56:-0.7822426979373998
p_57:0.7442835025396226
p_58:0.9990198003669699
p_59:-0.30349128936553016
p_60:0.4599717008779973
p_61:-0.9203792061803815
p_62:-0.256138487354584
p_63:-0.007302018025027612
p_64:0.6968189304823502
p_65:0.36896622757317155
p_66:0.769433761265182
p_67:-0.7323059505127405
p_68:-0.6774755861165243
p_69:-0.2768369114449092
p_70:-0.9974791551600832
p_71:0.6536663346521252
p_72:-0.7995650274289443
p_73:-0.20216015559824996
p_74:-0.7438975261745104
p_75:0.5316588986258182
p_76:0.8836569721637879
p_77:-0.08313304765969076
p_78:0.9921340730062158
p_79:0.7839552149318878
p_80:-0.9307014978563806
p_81:0.48521384021139924
p_82:-0.14804547168802196
p_83:0.016550988875170702
p_84:0.36984521989106645
p_85:0.15134574258303202
p_86:0.693431552891036
p_87:-0.41338430015087013
p_88:0.41322471242528747
p_89:0.5431298205283492
p_90:-0.8179725215000448
p_91:0.4733709128650354
p_92:-0.41772154942439577
p_93:0.2161103077812212
p_94:0.5844889228955723
p_95:0.4669558645710954
p_96:-0.8666490855329898
p_97:0.15868024847114204
p_98:-0.6631722830434597
p_99:0.4304668599811232
p_100:-0.029745738585490233
