initial_step:0.5056261275423509
p_0:0.5592204108923264
p_1:0.10309365217788424
p_2:0.12670358985606645
p_3:0.7494569932655035
p_4:-0.9224425059328676
p_5:-0.418600482351988
p_6:-0.5877540115693578
p_7:-0.6831378645343478
p_8:0.5371765688281545
p_9:0.996403688464423
p_10:-0.8172913157280537
p_11:-0.8191352466628947
p_12:0.22404012342023027
p_13:-0.3587829502942783
p_14:0.5726978436918457
p_15:-0.895650155718235
p_16:-0.3245398549259757
p_17:0.08625166365436421
p_18:-0.47953011015087244
p_19:0.23967956255606548
p_20:-0.8926501058555765
p_21:0.9130116389541236
p_22:0.5318668845910102
p_23:-0.5391802389383182
p_24:0.27924510862240237
p_25:0.4840948462452581
p_26:0.5418429443829749
p_27:0.6218078326369896
p_28:-0.10966158912786694
p_29:0.016371808692821288
p_30:-0.9568711079877212
p_31:0.04564224142660489
p_32:0.5600159620833993
p_33:0.7531269820925759
p_34:-0.5457428476699964
p_35:0.36663746922851526
p_36:0.9339053646114719
p_37:-0.1328417179475876
p_38:-0.9822677061345899
p_39:0.7590285933711152
p_40:0.24920212826792132
p_41:0.46269871524814965
p_42:0.9489910563379504
p_43:-0.9191874029481721
p_44:0.4267395022085321
p_45:0.9672995521107002
p_46:-0.4558367244542023
p_47:-0.6155750739114645
p_48:-0.6667980374318698
p_49:0.298555143559027
p_50:0.2868680243624073
p_51:-0.6287627326637428
p_52:-0.5320054886552101
p_53:0.8165850704094053
p_54:0.7940735775038883
p_55:0.10422964974583282
p_56:0.018518265603325812
p_57:0.0880531461549805
p_58:-0.7726465416163162
p_59:-0.14643383395351073
p_60:-0.7587505737571312
p_61:0.7911143474604907
p_62:0.2267538304294452
p_63:0.40545781372683454
p_64:0.033635937131368365
p_65:0.4320656511037455
p_66:-0.4801549937692233
p_67:-0.8508429246440774
p_68:-0.6062623839229238
p_69:0.809576863592538
p_70:-0.7821297339729469
p_71:-0.678983451555613
p_72:0.2627879580529606
p_73:-0.6158144817144586
p_74:0.1181049323072958
p_75:-0.03564165359439375
p_76:0.6624953240652571
p_77:0.945058738070768
p_78:-0.8977045832808694
p_79:-0.028225561096396845
p_80:0.73190700643524
p_81:0.8714049745239303
p_82:-0.6106188621454673
p_83:0.23692518851266553
p_84:0.9071335342129982
p_85:0.5044496022383802
p_86:-0.20377514272754005
p_87:0.4604313217860099
p_88:0.8663748713070416
p_89:-0.07657745456791276
p_90:-0.17338369543949783
p_91:0.10104208719851226
p_92:-0.4631727899808995
p_93:-0.35590345926961997
p_94:-0.6072191784394796
p_95:0.3207673360592489
p_96:0.012021126937782123
p_97:0.2924377259850881
p_98:-0.9556131261786769
p_99:0.8338163773116531
p_100:-0.8567036948532882
