sigma_0:0.17078035935883448
sigma_1:0.6950836027418038
sigma_2:2.0814419331614227
sigma_3:0.407990923178197
sigma_4:-0.07865170128756882
sigma_5:0.9329446603943693
sigma_6:0.7478896335178934
sigma_7:0.9312279356020648
sigma_8:-0.7771878593626815
sigma_9:-1.1963287155142863
sigma_10:-1.3884745056389165
sigma_11:-0.5924405353782343
sigma_12:-1.507670612914943
sigma_13:-0.32527391487903823
sigma_14:0.026586693779487205
sigma_15:-1.1862727460736653
sigma_16:-0.9649265363723145
sigma_17:0.20202058347733748
sigma_18:0.8214210526000814
sigma_19:-0.4971842173428054
sigma_20:-1.2061734844551184
sigma_21:1.2608499809375413
sigma_22:0.4173462681003959
sigma_23:-0.8376883550991074
sigma_24:1.6178577986202094
sigma_25:0.5630888533879811
sigma_26:1.453522758505562
sigma_27:0.18337625367927562
sigma_28:-0.3191324050767593
sigma_29:0.3347265418032093
sigma_30:1.4415817453351902
sigma_31:2.33762616993379
sigma_32:0.44329491181129926
sigma_33:2.111494325247183
sigma_34:1.6557006686019717
sigma_35:-1.2502151852701149
sigma_36:1.3057675514496876
sigma_37:-0.043924522527593886
sigma_38:-0.648752271950505
sigma_39:-1.511295842555705
sigma_40:-0.2648314646552412
sigma_41:-0.05413761666144547
sigma_42:-0.6448856101346822
sigma_43:1.5011790245607426
sigma_44:0.06070630228130211
sigma_45:-0.26145828154114564
sigma_46:-1.2915648874221695
sigma_47:-0.14306286219090245
sigma_48:1.2380908496574428
sigma_49:0.17557603830322888
sigma_50:-1.4342340193945449
sigma_51:-0.6232297275100271
sigma_52:0.4710993331809937
sigma_53:0.9758296462047915
sigma_54:-0.15494180300524504
sigma_55:1.2678479012933794
sigma_56:-0.012288443000453581
sigma_57:-0.747690184301215
sigma_58:-0.8723464887167398
sigma_59:-1.139124658602762
sigma_60:1.0651428052010161
sigma_61:0.8493198547931461
sigma_62:-1.1995885669477822
sigma_63:-0.39930214025805894
sigma_64:-0.9875907778762386
sigma_65:-1.2772175956344307
sigma_66:0.41704949018486137
sigma_67:-0.3908556164634795
sigma_68:-0.13184044868152825
sigma_69:0.6412200368461424
sigma_70:2.227174233188303
sigma_71:-0.9166613943787051
sigma_72:0.8067887522681905
sigma_73:-1.5254885161498364
sigma_74:-2.003523300135718
sigma_75:-0.4849116561903648
sigma_76:0.3930855803826319
sigma_77:-1.3434145356441833
sigma_78:-0.7317194677923574
sigma_79:-0.36793705231683554
sigma_80:1.1006226838524986
sigma_81:0.6986474727754501
sigma_82:0.005568328907045398
sigma_83:-0.6359616562728958
sigma_84:1.6605433413910933
sigma_85:-0.7760179134820792
sigma_86:0.28112638296123355
sigma_87:1.0024755326317547
sigma_88:1.0336692621924308
sigma_89:1.5590220459526285
sigma_90:0.9324297302017741
sigma_91:-0.8089930333130092
sigma_92:-0.5492477775773533
sigma_93:-0.30531252362305866
sigma_94:1.350272722226998
sigma_95:-1.413884546460242
sigma_96:-0.49747543294353097
sigma_97:1.0784075723169657
sigma_98:0.9158794499450769
sigma_99:-0.49431831568321877
