sigma_0:-0.1553974500941802
sigma_1:0.5008841423630084
sigma_2:-0.7887471243612441
sigma_3:-0.354790144568067
sigma_4:-1.0814034891994129
sigma_5:-0.7243566991486464
sigma_6:-0.527962765419788
sigma_7:0.41247049080057696
sigma_8:-0.7738304121843057
sigma_9:-0.08813055933256442
sigma_10:-0.037099274574685016
sigma_11:1.6529972092016947
sigma_12:1.3430901342638533
sigma_13:0.18820479791545794
sigma_14:-0.35951015427632127
sigma_15:-1.4081486879292795
sigma_16:-0.7011621665682616
sigma_17:-1.386676714313879
sigma_18:-0.7378739412645657
sigma_19:-0.6048039138961763
sigma_20:-0.851325168624722
sigma_21:-1.2749946252423212
sigma_22:1.1329756546268657
sigma_23:-0.11778732859514426
sigma_24:0.7856020134355999
sigma_25:0.8556112616190066
sigma_26:0.21876830429728913
sigma_27:-0.5358006396900538
sigma_28:-0.3596037937733349
sigma_29:-0.8551265473088089
sigma_30:0.23502102600550176
sigma_31:0.7300258259852547
sigma_32:0.18905094685575588
sigma_33:-0.5010044806422788
sigma_34:1.0799864577709655
sigma_35:-0.6577194115623684
sigma_36:0.1649099370480865
sigma_37:1.324483237710376
sigma_38:-0.6992760473255643
sigma_39:-0.6493372437495925
sigma_40:-0.578463909783747
sigma_41:0.2543645123635197
sigma_42:-2.4458943516258795
sigma_43:0.9312441839677008
sigma_44:-0.4442450929647781
sigma_45:0.5510682985942201
sigma_46:-0.1453153902702544
sigma_47:0.03324452480178917
sigma_48:-1.8304537792203548
sigma_49:-1.0194593583159586
sigma_50:0.6566838294248564
sigma_51:-0.2964010487461462
sigma_52:-1.3411401573124604
sigma_53:-0.946295382496712
sigma_54:-1.8821242858949052
sigma_55:-0.4733871049163567
sigma_56:-2.265636906223469
sigma_57:0.6057758250161376
sigma_58:-1.0925137583239997
sigma_59:0.4944686755440628
sigma_60:0.9558160104902463
sigma_61:-0.9633571256497744
sigma_62:-0.08436249649056043
sigma_63:0.003367184529888788
sigma_64:-1.2369541391950782
sigma_65:-0.014136367344308572
sigma_66:-0.07927328940107856
sigma_67:-0.5111519628586338
sigma_68:-1.052496625273013
sigma_69:1.108636940604612
sigma_70:1.4446022789683017
sigma_71:-0.07799065443210305
sigma_72:-1.1879102091395433
sigma_73:-1.394176707894631
sigma_74:1.538508509110958
sigma_75:0.4355463630798387
sigma_76:0.07305688234226194
sigma_77:-0.5746157333814744
sigma_78:0.23551694326479944
sigma_79:-0.026686963107398935
sigma_80:0.5983967534763819
sigma_81:0.5293934866003442
sigma_82:-0.7962743545892385
sigma_83:0.22313533420339443
sigma_84:-1.0501389301379218
sigma_85:-0.26772026501925467
sigma_86:-2.6865406425143235
sigma_87:-0.7223724027632916
sigma_88:-0.1957494964664482
sigma_89:-1.304457077553356
sigma_90:-1.2567097866133992
sigma_91:-1.2131519921434624
sigma_92:0.1925864277058486
sigma_93:-0.6006181376052263
sigma_94:-0.7621162172808794
sigma_95:-1.6405410993748784
sigma_96:-0.5051002612036942
sigma_97:-0.25381114197618243
sigma_98:0.5964411392544959
sigma_99:2.185566142688901
