sigma_0:0.7814326583643296
sigma_1:-0.5499050440932416
sigma_2:1.1472572542010557
sigma_3:-0.8317888356059829
sigma_4:0.2086904828917586
sigma_5:1.28080994144361
sigma_6:1.4920547681313587
sigma_7:0.9103238572098379
sigma_8:-1.942608266559693
sigma_9:0.36843995333408297
sigma_10:0.23909094111262652
sigma_11:-0.31315039785009147
sigma_12:1.591555942580174
sigma_13:-1.393303457747706
sigma_14:-0.28367697837056066
sigma_15:1.836855162853577
sigma_16:1.1916864098296767
sigma_17:-0.26227478648378905
sigma_18:1.5714987269257816
sigma_19:-0.17114271764815575
sigma_20:2.0420575597192276
sigma_21:-0.1338465325355031
sigma_22:-0.02986463384656442
sigma_23:1.102560792184669
sigma_24:-0.5264194112006257
sigma_25:-1.300913936289113
sigma_26:0.6214964700234121
sigma_27:-0.83607152492606
sigma_28:-0.6791740725280836
sigma_29:0.2018047977534135
sigma_30:-0.9135295618484035
sigma_31:0.4870708113200092
sigma_32:-0.7477591140538372
sigma_33:1.8051377518335519
sigma_34:1.5070639089421805
sigma_35:-0.19307813506153268
sigma_36:-0.8476342723719341
sigma_37:-1.6959565068222169
sigma_38:-0.2304958927325149
sigma_39:-1.6521477088470604
sigma_40:1.312072506850719
sigma_41:-1.3876543981135538
sigma_42:-0.36215327162360145
sigma_43:-2.3682495024376444
sigma_44:1.1270865756476331
sigma_45:-1.1081279504423347
sigma_46:-0.0951489427829833
sigma_47:0.3966292633939937
sigma_48:-0.2556003024167883
sigma_49:-0.3070906746427595
sigma_50:1.4915262191353988
sigma_51:-2.085621781082059
sigma_52:1.2720039313960316
sigma_53:1.098737345152226
sigma_54:0.8927788401063824
sigma_55:-0.6935236812138145
sigma_56:-0.5332035472864143
sigma_57:0.6972929708015034
sigma_58:-1.0669508010083093
sigma_59:-0.46543321305999025
sigma_60:0.019090117903543053
sigma_61:0.5514826777435995
sigma_62:0.1947784390284521
sigma_63:0.4891306516146728
sigma_64:-0.2324753039469484
sigma_65:0.9866927984469028
sigma_66:1.2473286976509013
sigma_67:1.0577211198744638
sigma_68:0.7484098506610816
sigma_69:-0.6813011862496172
sigma_70:1.4567149451647459
sigma_71:0.43719214691113895
sigma_72:0.5413360720114441
sigma_73:1.9835484109012627
sigma_74:-0.6477109958634814
sigma_75:0.011778015409787889
sigma_76:-0.7793277935607978
sigma_77:0.24449396113060423
sigma_78:-0.031017733159566
sigma_79:0.312893219397856
sigma_80:0.9569659129446229
sigma_81:0.5623519372344945
sigma_82:-0.7966658597205005
sigma_83:-0.12517175663466726
sigma_84:-1.0439951501426779
sigma_85:0.5547486747001704
sigma_86:0.6375755977722473
sigma_87:-2.041772665873868
sigma_88:-0.8952617769394009
sigma_89:-0.284869978818659
sigma_90:-1.0840904046087236
sigma_91:-0.6782728118513981
sigma_92:-0.2279014392744192
sigma_93:0.7372452740383848
sigma_94:-0.22222713334938468
sigma_95:0.6003550971026393
sigma_96:-0.9875132737455157
sigma_97:-1.6788077555359675
sigma_98:-0.3813947903710398
sigma_99:-1.4761830512311573
