sigma_0:2.071317975611967
sigma_1:0.26403787975262205
sigma_2:-0.5923691142962437
sigma_3:0.41430677222883705
sigma_4:-0.47275800867375256
sigma_5:-0.7123377780359932
sigma_6:0.6938531719975177
sigma_7:-1.6299818477311887
sigma_8:-0.735399657355166
sigma_9:-0.04206425865830575
sigma_10:-0.08685457261209648
sigma_11:1.3380904179299842
sigma_12:0.28712035283000864
sigma_13:0.5060094158491407
sigma_14:-1.3070777692592261
sigma_15:-0.228265500219343
sigma_16:-0.9676617821953679
sigma_17:1.0007513818047236
sigma_18:-0.6696523383134843
sigma_19:-0.62189477556146
sigma_20:1.129096244335631
sigma_21:1.0468831162120844
sigma_22:-0.8129415184594962
sigma_23:1.5220637287942362
sigma_24:0.7202117060647363
sigma_25:-0.5073885333964671
sigma_26:0.515794728666597
sigma_27:0.0627683133684617
sigma_28:0.656551089161271
sigma_29:-0.19808744303786244
sigma_30:1.531666352278336
sigma_31:-2.3541197777790788
sigma_32:-0.2667037103250839
sigma_33:1.0442538490429292
sigma_34:-0.558725571576974
sigma_35:-0.47087726736139474
sigma_36:1.2964409366191059
sigma_37:0.3340986615587328
sigma_38:-0.8462307091474599
sigma_39:0.3488206068487669
sigma_40:0.03571572884170918
sigma_41:0.23399011632119548
sigma_42:-0.3716388973866818
sigma_43:1.5524272708957396
sigma_44:0.47816871137580275
sigma_45:0.8246422398989455
sigma_46:-0.2238258892199441
sigma_47:-2.0254173402297355
sigma_48:-0.11702959803293836
sigma_49:1.0223628489600907
sigma_50:-0.04557454174764192
sigma_51:-0.32477778820974107
sigma_52:1.5545371993954575
sigma_53:1.0957932564992907
sigma_54:-0.10123682993235944
sigma_55:-1.3311355899793245
sigma_56:-0.5949104331272346
sigma_57:1.5244761316378264
sigma_58:0.8465900182992481
sigma_59:-1.8677346474920824
sigma_60:0.22715830537655154
sigma_61:0.3778269939705142
sigma_62:1.4240637385865413
sigma_63:0.7856572166468395
sigma_64:0.03811323713138977
sigma_65:-0.0426494262376451
sigma_66:-0.011077862470953222
sigma_67:-0.9347987891413512
sigma_68:0.4514962859268702
sigma_69:-2.60609100286513
sigma_70:-0.6977229790697239
sigma_71:1.878651463181014
sigma_72:-0.4258057468973166
sigma_73:0.38670154520055905
sigma_74:1.6549208975072502
sigma_75:-0.9143347740549675
sigma_76:-0.21093872810430192
sigma_77:-0.2175642687873009
sigma_78:-3.1409568928581937
sigma_79:-0.7432005205281391
sigma_80:-0.25663536450805147
sigma_81:0.2676318994544747
sigma_82:-1.3961685742069674
sigma_83:0.7963658117620027
sigma_84:-0.5198672788137413
sigma_85:-0.5073735748294875
sigma_86:1.2420826495289
sigma_87:1.8508787541972571
sigma_88:0.09759006036663595
sigma_89:1.3171092862366067
sigma_90:-0.38840778689925853
sigma_91:-0.9546020525941548
sigma_92:-0.055544699293833336
sigma_93:0.8479181015480628
sigma_94:-1.0346262281911716
sigma_95:0.8932194944729165
sigma_96:1.5950294905332223
sigma_97:0.25988725666875184
sigma_98:0.19636357907426877
sigma_99:2.706616518162098
