sigma_0:-1.344673854860939
sigma_1:0.7735070140487043
sigma_2:0.4591787752304292
sigma_3:-0.4235991344536083
sigma_4:0.7464378141745671
sigma_5:-0.9786381185990914
sigma_6:-0.8133371392382936
sigma_7:0.7759013101878254
sigma_8:-2.332244205506941
sigma_9:1.1203728030392501
sigma_10:0.5104438002219477
sigma_11:-0.8814799443382516
sigma_12:-0.30754266015724385
sigma_13:0.030361054476711963
sigma_14:-0.38208843190112446
sigma_15:-0.31540547098410743
sigma_16:1.0692906916741707
sigma_17:0.49536118425410014
sigma_18:0.4792608961142185
sigma_19:-1.4718021758268316
sigma_20:0.30097177622748694
sigma_21:0.21205275765925233
sigma_22:2.117688479319106
sigma_23:0.8347522477355763
sigma_24:1.26079326861912
sigma_25:-0.8505991164709275
sigma_26:-0.8907332255595878
sigma_27:-0.595074434608141
sigma_28:0.7892161508784794
sigma_29:0.8333275485569475
sigma_30:-1.4908424575822867
sigma_31:0.34417250365984303
sigma_32:1.0762489286413583
sigma_33:-1.0911753987388941
sigma_34:0.37537974325586776
sigma_35:0.43410735546551865
sigma_36:-0.09944561054846758
sigma_37:1.125658053887616
sigma_38:0.622762902255832
sigma_39:0.4598208364555455
sigma_40:-0.8464116410257014
sigma_41:0.9874149975638798
sigma_42:1.2953892097572055
sigma_43:0.4472437542428979
sigma_44:1.7167620008767763
sigma_45:1.6116278849603858
sigma_46:1.0501809567067453
sigma_47:1.011516009892646
sigma_48:0.7406396465979533
sigma_49:-0.4125214358298123
sigma_50:0.418158366378294
sigma_51:-0.33344554106379687
sigma_52:-1.3889108467593605
sigma_53:1.010286831350049
sigma_54:0.40269976609217456
sigma_55:-0.2690419077371718
sigma_56:-0.6681411703178872
sigma_57:-0.8901703557438635
sigma_58:-0.6689328985933376
sigma_59:0.05417065505647059
sigma_60:0.053032247370899406
sigma_61:-0.021576397284900403
sigma_62:2.123777222378456
sigma_63:0.7249056812015842
sigma_64:1.3565684633698818
sigma_65:-0.29353238207596194
sigma_66:0.2971888470503555
sigma_67:-1.3880473844526249
sigma_68:0.30910111192447665
sigma_69:-0.09780064358792599
sigma_70:0.41563217320884244
sigma_71:0.14671330433421184
sigma_72:-0.21904606060990006
sigma_73:-0.46080040295440633
sigma_74:-1.28639363756126
sigma_75:-1.820113578390797
sigma_76:0.5940983901269871
sigma_77:-0.2608635563635015
sigma_78:-0.26093584591629193
sigma_79:1.1792821238393305
sigma_80:0.9069038396847663
sigma_81:0.5756826707589205
sigma_82:-0.17705074839221485
sigma_83:0.09920959806105822
sigma_84:-1.132045681325243
sigma_85:1.5010691524028983
sigma_86:2.440620357484214
sigma_87:0.9133385365710754
sigma_88:-1.191060336761251
sigma_89:-0.43153874010931753
sigma_90:-0.3136574799056913
sigma_91:-1.4220125036760578
sigma_92:-1.1310473477991452
sigma_93:-0.835722606681051
sigma_94:-0.02610298249335404
sigma_95:0.5362141358417519
sigma_96:-0.5754134682220237
sigma_97:-2.1371369506722906
sigma_98:-0.8234160972702457
sigma_99:0.9429169280266027
