sigma_0:0.00689101164603378
sigma_1:-0.02592872928092604
sigma_2:-2.232185843172972
sigma_3:-0.16619742905809667
sigma_4:-0.05521290601373592
sigma_5:-0.6451045885735665
sigma_6:0.7535018074690449
sigma_7:-0.6744154914458611
sigma_8:-0.8009132942203107
sigma_9:0.7883462100524575
sigma_10:-0.18015012277918668
sigma_11:-0.3585963177614505
sigma_12:1.0525314286202971
sigma_13:-0.15617676029739755
sigma_14:0.4686654039545713
sigma_15:0.660420496839184
sigma_16:-1.2954389227306935
sigma_17:-0.9645962562833957
sigma_18:0.501645966065598
sigma_19:1.4898810840568395
sigma_20:-0.6278350298270489
sigma_21:1.2938104103048655
sigma_22:0.8718406822094941
sigma_23:-0.9621732746769058
sigma_24:-2.0980674659325635
sigma_25:0.38727073826493014
sigma_26:-1.1969211516839464
sigma_27:1.0607852008086835
sigma_28:0.13170367222125198
sigma_29:0.0701200159158065
sigma_30:0.30061640214093954
sigma_31:-0.509119949692146
sigma_32:0.3084051769874408
sigma_33:0.005140731646692461
sigma_34:1.3202722040695811
sigma_35:0.09295434401699544
sigma_36:0.37857201475113733
sigma_37:-0.3046906272862935
sigma_38:-0.5248935945766351
sigma_39:-0.48805920804920566
sigma_40:-0.5582506413734556
sigma_41:0.07420099291820877
sigma_42:0.5032197682076041
sigma_43:-0.6356331424007892
sigma_44:-0.20819813576668497
sigma_45:-1.6932987918122315
sigma_46:1.0694869437565884
sigma_47:0.7844589217118442
sigma_48:1.4281417042871511
sigma_49:-0.04432828764706871
sigma_50:-0.4224021569947165
sigma_51:-1.2257030614416957
sigma_52:-0.1272051598828092
sigma_53:-1.4577385127576477
sigma_54:-0.5753006994253268
sigma_55:0.06700450738139893
sigma_56:0.575677951367857
sigma_57:-0.8382256240552305
sigma_58:-0.6400857275759263
sigma_59:-2.1870663683645155
sigma_60:-0.060147523402156566
sigma_61:-1.4853545023152461
sigma_62:2.5154017217059255
sigma_63:-0.902705658389859
sigma_64:1.8658741500210347
sigma_65:0.3726525590859301
sigma_66:-0.2610047358800736
sigma_67:0.14138267810849944
sigma_68:-0.32073178365204913
sigma_69:-0.6976941864205302
sigma_70:-2.4787903658263604
sigma_71:0.031513439632151294
sigma_72:2.382477333249387
sigma_73:-0.6928401629953397
sigma_74:0.6411968086210735
sigma_75:0.17099804867909932
sigma_76:-1.5756589845001787
sigma_77:-1.7640365206093416
sigma_78:0.6114830793843787
sigma_79:0.7113171026495086
sigma_80:-0.22034213934543964
sigma_81:-1.672775488550814
sigma_82:1.055912196147191
sigma_83:0.5174152082625234
sigma_84:1.2657569094079284
sigma_85:-0.09396427081236748
sigma_86:1.3648797101909846
sigma_87:-0.549526677278935
sigma_88:-0.24344458426056634
sigma_89:0.4769916887720354
sigma_90:-0.712068578663342
sigma_91:1.8938681974634362
sigma_92:0.859877830857203
sigma_93:1.1092010967723631
sigma_94:-0.7902172359253101
sigma_95:-0.13165077512881698
sigma_96:-0.10556690948605833
sigma_97:0.8411017762930354
sigma_98:-2.307264411214776
sigma_99:-0.37250421349698476
