sigma_0:1.0612513758357018
sigma_1:0.5389925452034805
sigma_2:-0.8900490894921246
sigma_3:-1.3211378301875107
sigma_4:-0.5518383269359868
sigma_5:-0.584906382857848
sigma_6:0.07207139449060775
sigma_7:0.896160897338331
sigma_8:-1.082235997722872
sigma_9:0.2080651302989518
sigma_10:0.07532891105449742
sigma_11:0.21483916719133306
sigma_12:0.3384268131182236
sigma_13:0.2754932719929527
sigma_14:-1.1486922505100297
sigma_15:-0.6573812563814089
sigma_16:-0.5691477238807432
sigma_17:2.0406135890105235
sigma_18:-0.13228742570135993
sigma_19:0.8208195640078537
sigma_20:2.017105256687947
sigma_21:-0.7448056121429891
sigma_22:-1.3437648702414238
sigma_23:0.6167840929727179
sigma_24:-1.0005080684049839
sigma_25:-0.8460602911257201
sigma_26:-0.7823697095863832
sigma_27:0.4626518354316727
sigma_28:0.5626124508611801
sigma_29:2.457614048552301
sigma_30:-0.15303448993686683
sigma_31:-0.5659247554239122
sigma_32:2.516188139192384
sigma_33:0.8433311616858984
sigma_34:-0.06126071423434761
sigma_35:-0.09203389504238056
sigma_36:-1.3755548472224097
sigma_37:1.5176275015444332
sigma_38:0.023743583346902745
sigma_39:-0.5373598053621608
sigma_40:-1.2131634837898613
sigma_41:-0.9674603981338725
sigma_42:-0.008086731690557535
sigma_43:-0.34821319255560296
sigma_44:-0.1998895019206239
sigma_45:0.5743170384879955
sigma_46:0.32840865211684434
sigma_47:0.6273451350668141
sigma_48:-0.8999007383851059
sigma_49:0.12282456353541699
sigma_50:-1.1512740367238938
sigma_51:0.17412753891941282
sigma_52:-2.5375528726748655
sigma_53:-0.9212482042619179
sigma_54:-0.6979124742108386
sigma_55:0.03670931226845301
sigma_56:-1.171430967589742
sigma_57:-0.11582494933359182
sigma_58:-0.6102821566465335
sigma_59:0.8359875363724764
sigma_60:-1.2720698237918715
sigma_61:1.3766639805728589
sigma_62:0.33657031050521274
sigma_63:0.07033664049583171
sigma_64:-1.2246696891289983
sigma_65:0.9352821161584033
sigma_66:-0.4143097459273751
sigma_67:0.24982346857583435
sigma_68:-0.3399365597571836
sigma_69:-1.434411380761445
sigma_70:0.6581362048806471
sigma_71:-0.3096337189412514
sigma_72:0.9323363615902784
sigma_73:0.5382783674568129
sigma_74:0.6937254477529681
sigma_75:1.3699303673795225
sigma_76:0.443702854820014
sigma_77:-0.41446691152730525
sigma_78:1.0421070153197614
sigma_79:-0.37950599899390536
sigma_80:2.0096052702396667
sigma_81:1.0560239534420293
sigma_82:-2.155561665269899
sigma_83:0.3575008224945807
sigma_84:0.9473133304917968
sigma_85:0.17690054762848598
sigma_86:1.202372327242233
sigma_87:2.2205001112020515
sigma_88:-0.4665670204260617
sigma_89:-0.7795008783736377
sigma_90:0.9222122778860987
sigma_91:-0.23513386420166507
sigma_92:-1.0984023564255168
sigma_93:0.3755164014519295
sigma_94:-0.892191130974544
sigma_95:-0.11404835726171317
sigma_96:0.5868805063447955
sigma_97:-0.3511756749668347
sigma_98:-3.113078141623622
sigma_99:1.3336398328293966
