sigma_0:1.3128597683537024
sigma_1:-1.0392068077401497
sigma_2:-1.532028879630837
sigma_3:-0.18418788489512192
sigma_4:0.8088025947345024
sigma_5:-1.401216857382765
sigma_6:0.8067401104867327
sigma_7:0.5420825188737971
sigma_8:-0.5749228308277579
sigma_9:-1.0059807263483453
sigma_10:0.4109709176641126
sigma_11:0.6380767357901234
sigma_12:0.7900630329041585
sigma_13:0.6587692048201526
sigma_14:-0.6765126519060695
sigma_15:-1.0748306552689113
sigma_16:0.4799194976490523
sigma_17:0.006402187765379636
sigma_18:0.2036227754317465
sigma_19:-0.3523139912038603
sigma_20:0.9448425392950218
sigma_21:0.2133853267917651
sigma_22:-0.5372828658472737
sigma_23:1.1755528434932712
sigma_24:-1.4046185973512362
sigma_25:0.05861402721623588
sigma_26:-0.8340175027314919
sigma_27:1.29368338177888
sigma_28:0.30514776506888514
sigma_29:0.02582215752324177
sigma_30:0.9014247325610882
sigma_31:0.5742548399137518
sigma_32:-0.19914055632796776
sigma_33:0.8529561058415994
sigma_34:-0.07825721204202694
sigma_35:0.2752024502652826
sigma_36:-0.16370628770571183
sigma_37:-0.8908312446068972
sigma_38:0.030972431349477948
sigma_39:-0.6959173348606807
sigma_40:0.09062421971060054
sigma_41:0.9200285981552807
sigma_42:0.39834301883844064
sigma_43:-1.8733869942760293
sigma_44:-0.6484200646562387
sigma_45:-1.3614943397106636
sigma_46:-0.43278499808043447
sigma_47:-1.5496133689534275
sigma_48:0.750393043485689
sigma_49:-1.2987081444029787
sigma_50:1.0861594033554112
sigma_51:-0.5785397122486832
sigma_52:2.5187190931046506
sigma_53:1.0331159622376063
sigma_54:0.7290391039774516
sigma_55:1.6138158776249039
sigma_56:-1.4063219938550628
sigma_57:-0.2833239113573932
sigma_58:0.3069125907574495
sigma_59:1.749735285544977
sigma_60:-0.8643027780775292
sigma_61:0.756089428598097
sigma_62:-0.24976187400462957
sigma_63:1.0494365137906667
sigma_64:-0.01987917600536906
sigma_65:-0.06568975994571535
sigma_66:0.2740744731262511
sigma_67:-0.10907256011536634
sigma_68:-0.3673092099958329
sigma_69:0.07688345384412379
sigma_70:1.4354454816366533
sigma_71:-0.12774658979858533
sigma_72:0.45360271877271396
sigma_73:0.5304646959147673
sigma_74:-0.48633009935591315
sigma_75:-1.835921394080471
sigma_76:0.05579837842398349
sigma_77:-0.950594408047932
sigma_78:-0.07361270096548045
sigma_79:-1.7935261918659111
sigma_80:2.360693488444883
sigma_81:0.3612092155622339
sigma_82:-1.6050156631173582
sigma_83:1.1849936530330558
sigma_84:-0.12002555824209642
sigma_85:-0.39876331989097946
sigma_86:-0.24041019962062002
sigma_87:0.07920037065981889
sigma_88:0.5861310918099775
sigma_89:-1.8392828964076589
sigma_90:0.005320547105655611
sigma_91:0.055828217456321445
sigma_92:0.4068731361561744
sigma_93:-0.6932395111306737
sigma_94:0.6454023085179728
sigma_95:-0.9487306671387592
sigma_96:0.5228237039436912
sigma_97:2.293245101988797
sigma_98:-0.29543639126943605
sigma_99:-1.043200530109923
