sigma_0:-1.4023501954506
sigma_1:0.5118250683466125
sigma_2:1.8829639013385393
sigma_3:0.22072576095087987
sigma_4:0.3265016609512409
sigma_5:-0.98899827391246
sigma_6:-0.6180032455769275
sigma_7:-0.8172082175624814
sigma_8:0.5828760505355388
sigma_9:0.7235090630815894
sigma_10:0.8393616991001353
sigma_11:-0.22404682071724055
sigma_12:-1.4183548677690083
sigma_13:-1.1604370621003919
sigma_14:0.34071414929303817
sigma_15:0.30357477382622955
sigma_16:-0.3075517004963383
sigma_17:-0.5813159925730664
sigma_18:0.05549676541401464
sigma_19:-1.0362519896182019
sigma_20:1.7235979715254315
sigma_21:-0.8179722979236472
sigma_22:0.04873245234548718
sigma_23:0.8339127449631645
sigma_24:-1.1180097608298087
sigma_25:-0.3839865715990296
sigma_26:-0.29804005259544625
sigma_27:0.014937647658374664
sigma_28:0.14986489596529404
sigma_29:0.11832793090103053
sigma_30:-1.0488499884871387
sigma_31:0.12985473738257422
sigma_32:-0.22111492142429973
sigma_33:0.34342645757020607
sigma_34:-1.2439295830633001
sigma_35:0.8823726272732307
sigma_36:-1.3213711296153052
sigma_37:0.652040206303316
sigma_38:-1.525432307990265
sigma_39:1.3485798699710314
sigma_40:-0.39691788230817143
sigma_41:1.12213901871782
sigma_42:0.7047741571458171
sigma_43:0.02845266860058526
sigma_44:0.9818823506986615
sigma_45:-0.6827440832697032
sigma_46:2.129134939328653
sigma_47:-0.8680814939514966
sigma_48:0.38574272209630106
sigma_49:-0.08855107279254368
sigma_50:-0.7177918581983236
sigma_51:-0.4086715710196017
sigma_52:-0.8978527289689013
sigma_53:-0.4117957018077086
sigma_54:0.4906681446101954
sigma_55:2.0227652170534505
sigma_56:1.35673251996842
sigma_57:0.1566956595621526
sigma_58:-1.3658221603963765
sigma_59:1.0874108299682412
sigma_60:0.6601881142893347
sigma_61:-0.7042893117556662
sigma_62:1.604140212226152
sigma_63:0.7813927910324718
sigma_64:0.8727127442450752
sigma_65:0.05294290081560067
sigma_66:0.4743460953977083
sigma_67:-0.10318977707295562
sigma_68:-0.831750501158291
sigma_69:-1.1015048365810536
sigma_70:-0.29763144765874816
sigma_71:2.510204869208452
sigma_72:0.5405275317083943
sigma_73:-2.3607800876697227
sigma_74:-1.299892778409086
sigma_75:-0.8359428522212833
sigma_76:1.305283440175898
sigma_77:0.23945858496739372
sigma_78:0.9030146698376139
sigma_79:-0.05819097440401847
sigma_80:0.5500856502592127
sigma_81:1.5218058727284118
sigma_82:0.6568909241126036
sigma_83:0.003878261767686434
sigma_84:-1.309463760762893
sigma_85:-0.9461598327280829
sigma_86:-0.07060301612847497
sigma_87:-1.4008494155484716
sigma_88:1.1102279735491
sigma_89:0.2597787175464752
sigma_90:-1.5188642910239114
sigma_91:-0.19073203219184184
sigma_92:0.5498160287393802
sigma_93:-0.654573674968755
sigma_94:0.5325937818857281
sigma_95:-1.0155066096807328
sigma_96:1.6749574417100097
sigma_97:-1.2973155579129763
sigma_98:-0.8004792324594446
sigma_99:0.278227388516379
