sigma_0:-0.11229248037756255
sigma_1:-1.0869945593640478
sigma_2:-1.813763626365881
sigma_3:0.2660143223122215
sigma_4:0.032522537911820776
sigma_5:0.1512016586027942
sigma_6:-0.8473739299279329
sigma_7:-1.386401993076359
sigma_8:1.9033437435773075
sigma_9:-0.6131500345281272
sigma_10:-2.0005254635688954
sigma_11:-0.11176423509957958
sigma_12:1.3528076569900254
sigma_13:-0.5915149607279404
sigma_14:-0.8415705667809612
sigma_15:-0.18995445074852044
sigma_16:0.24633289902718716
sigma_17:-0.3078981898489928
sigma_18:-0.6277834102883048
sigma_19:-0.026083075725138096
sigma_20:-0.14592380286353937
sigma_21:-0.6284824312571065
sigma_22:0.20807404822964934
sigma_23:0.4534480597247873
sigma_24:-1.2464137372340376
sigma_25:-0.07609903139074765
sigma_26:-0.6570162183828097
sigma_27:-1.0889611048605101
sigma_28:1.6696580891623702
sigma_29:-1.8951717891925368
sigma_30:-0.03301146419460254
sigma_31:0.2050169433907084
sigma_32:1.6510409409987545
sigma_33:-0.23233124293844692
sigma_34:1.0298351311919558
sigma_35:0.3485735244550511
sigma_36:-1.7052518905637424
sigma_37:-1.158830981539254
sigma_38:0.0033203043242100738
sigma_39:0.42042820612807796
sigma_40:0.703379844978397
sigma_41:-1.050511971830981
sigma_42:-0.570898535661227
sigma_43:-1.8206696742367963
sigma_44:-0.16228994439978442
sigma_45:1.0483324850440772
sigma_46:0.1876816066364755
sigma_47:-1.127930953396696
sigma_48:-0.7629119613770176
sigma_49:0.1948268087498605
sigma_50:1.1565628925876599
sigma_51:-3.1179364438293438
sigma_52:1.3706913569177543
sigma_53:-1.02835501544661
sigma_54:0.5546979897889895
sigma_55:0.9199687626313017
sigma_56:0.6637779987802633
sigma_57:-2.2179500857726473
sigma_58:1.7591490034217128
sigma_59:-0.1353197837476706
sigma_60:0.12049493353230502
sigma_61:-0.8574925387070588
sigma_62:1.6120834308247212
sigma_63:2.0242188165303485
sigma_64:-0.05263752055182076
sigma_65:0.43065265752233994
sigma_66:0.0025793007525849484
sigma_67:-0.12566298727019923
sigma_68:-0.6587086490424391
sigma_69:0.10783789910286115
sigma_70:-0.9794482203479444
sigma_71:-0.3034219450924747
sigma_72:1.3235948919071567
sigma_73:1.0699098337707755
sigma_74:-0.5480632043461069
sigma_75:-0.5888539960317145
sigma_76:1.63231819606278
sigma_77:-1.0416495350020674
sigma_78:0.6407367290163872
sigma_79:1.3862285132009171
sigma_80:-1.5009231898047688
sigma_81:0.8283860635536318
sigma_82:-0.23502147652566924
sigma_83:-0.7457449648172987
sigma_84:0.06432730582432498
sigma_85:-0.3254987321733096
sigma_86:1.3389948435055428
sigma_87:0.5985296784599439
sigma_88:0.03258328488518424
sigma_89:-0.8264386839178125
sigma_90:1.3268862528761012
sigma_91:1.1948789299283913
sigma_92:0.05002022030727603
sigma_93:-0.5428311712585322
sigma_94:-0.8947760441998355
sigma_95:0.41941722727452463
sigma_96:1.3692634485729298
sigma_97:-1.2804663204273878
sigma_98:0.5447575981455688
sigma_99:1.7222913885777311
