initial_step:0.5980765974013988
p_0:0.032220297472839166
p_1:-0.9025147131919282
p_2:-0.1481545467079044
p_3:0.9335837275787431
p_4:-0.9327713604742811
p_5:0.6111042962149396
p_6:0.32159359999953385
p_7:0.42585568311635047
p_8:0.4970254379470438
p_9:0.6065451026732704
p_10:0.6320591661907431
p_11:-0.905212045153222
p_12:-0.37644354790165635
p_13:0.08933305349561871
p_14:0.28064001214988665
p_15:-0.6392312653756533
p_16:-0.5614182877919669
p_17:-0.7359855569979141
p_18:0.04367984131165059
p_19:0.7201638938390589
p_20:-0.5184083606165943
p_21:-0.9346556703968805
p_22:0.22684702476804275
p_23:-0.7047486131799281
p_24:-0.8251152037489229
p_25:-0.9062866170212012
p_26:-0.49677021554622147
p_27:0.30013224788247084
p_28:-0.04050258180942978
p_29:-0.10005366923266923
p_30:0.2604046223234746
p_31:0.8497866647171164
p_32:0.9868396748180746
p_33:0.08706993917163164
p_34:-0.8821418765060676
p_35:0.09331330019491246
p_36:-0.9971847305366563
p_37:0.22012855954326893
p_38:-0.49685193323327037
p_39:0.32114378500507335
p_40:-0.8137306636479087
p_41:0.3116462242591653
p_42:-0.6902703434744515
p_43:-0.3862158500803452
p_44:-0.8324578984991502
p_45:-0.603797143330872
p_46:-0.2976897980922031
p_47:-0.59219723399627
p_48:-0.9438727509792615
p_49:0.805570504239814
p_50:-0.2280929160267844
p_51:0.591002978303715
p_52:-0.26672816799418597
p_53:-0.9455306135681398
p_54:-0.8182158030200497
p_55:0.11123565297717675
p_56:0.007505041782088995
p_57:-0.9744214739085295
p_58:-0.41461587852477844
p_59:-0.6261309647125821
p_60:-0.8292772182863974
p_61:0.35011370069282366
p_62:0.6027403565229099
p_63:0.5429065913872684
p_64:-0.24570306752822968
p_65:0.2841753784088088
p_66:0.4786199195583747
p_67:-0.8991582096652189
p_68:0.8646360661536414
p_69:0.1148228267112874
p_70:-0.9859997083427954
p_71:-0.3235180090558385
p_72:-0.5531714210504015
p_73:0.7551412512353051
p_74:-0.6568761660127138
p_75:-0.9731103655530353
p_76:0.058372183369625796
p_77:0.3794226328234733
p_78:-0.5940563784215807
p_79:-0.9654048581780599
p_80:0.8052232806045032
p_81:-0.755134028369997
p_82:0.6391172938029497
p_83:0.04263032602246253
p_84:0.6850866669230935
p_85:-0.1865283276810581
p_86:0.006129155502356376
p_87:-0.5940845319000978
p_88:0.4445290978791725
p_89:-0.5701704734881672
p_90:-0.3116023388377174
p_91:0.2725252613536142
p_92:0.13729214465433892
p_93:-0.061787009824175954
p_94:0.6311753676475091
p_95:-0.01447579682326161
p_96:0.8517182509080155
p_97:0.38817157051404894
p_98:-0.011569530995600097
p_99:0.6535112006523771
p_100:-0.31475148834439115
