initial_step:0.49898240474165134
p_0:-0.5423612399296307
p_1:0.17823854597624678
p_2:0.520269162256328
p_3:-0.2026072430703294
p_4:0.23090857354515393
p_5:-0.9218089029347176
p_6:0.9514288563987705
p_7:-0.011784952327453135
p_8:-0.5982299929165267
p_9:-0.6782401099087061
p_10:-0.8172249630041519
p_11:-0.669072948022287
p_12:0.7011307179306863
p_13:0.0732525339691068
p_14:-0.8122552609570455
p_15:0.8352519731139638
p_16:0.2126255886074917
p_17:0.618981327457073
p_18:0.6903387171796218
p_19:0.7041470555653209
p_20:0.450596780273089
p_21:0.050794028518361456
p_22:-0.8676459115371813
p_23:0.37694934580335726
p_24:0.6569091112046961
p_25:0.02881577432115434
p_26:-0.37541341155676267
p_27:0.902337523244928
p_28:-0.4423857442224428
p_29:-0.3680476535103807
p_30:0.914758547365887
p_31:0.9694482570818381
p_32:0.471245365932232
p_33:-0.8192421182899141
p_34:-0.9830277675565486
p_35:-0.6285904975437664
p_36:-0.6332622405212882
p_37:0.483348841142331
p_38:-0.9261496692636377
p_39:-0.7623748503628371
p_40:-0.011070020789340607
p_41:0.21238751711679793
p_42:0.690717563687151
p_43:0.9638597606845032
p_44:0.9887025422130165
p_45:-0.7131927480389018
p_46:0.6321280607631763
p_47:-0.2523110825306025
p_48:0.26468303288008466
p_49:0.7997134016432204
p_50:0.39790556116585907
p_51:-0.7983148811508856
p_52:-0.9158400453225528
p_53:-0.9415267994138858
p_54:0.1709860316815961
p_55:0.38965442300834385
p_56:-0.8320658016317781
p_57:0.8712184971877381
p_58:-0.5152755091217678
p_59:-0.8776154734825159
p_60:-0.12084494585599082
p_61:0.8262316331989306
p_62:-0.9610733965715004
p_63:0.1060111828839374
p_64:-0.9356568483254162
p_65:-0.31001253327768663
p_66:0.6299314953190225
p_67:-0.9510278543817734
p_68:-0.05779416305491458
p_69:0.337177743886667
p_70:-0.03573035705817862
p_71:-0.5592932891713878
p_72:-0.6362448873622317
p_73:0.2824491993630125
p_74:-0.9289864497533411
p_75:-0.6605859661833595
p_76:-0.3961200306205743
p_77:-0.25372913096339755
p_78:-0.11885463278834885
p_79:0.33715285076834345
p_80:0.6402890566004704
p_81:0.7159704360838917
p_82:0.8306728067253595
p_83:-0.07670027492573772
p_84:-0.7762503846124984
p_85:0.007061627691011374
p_86:-0.531682298738476
p_87:-0.5351016394911647
p_88:0.11456950889079565
p_89:0.9258999719246945
p_90:-0.624437370393534
p_91:0.4169609790876574
p_92:-0.7134098481534796
p_93:0.9868043815762177
p_94:0.5964039791573132
p_95:-0.07999659097484924
p_96:-0.432044667198749
p_97:0.21573855354284532
p_98:-0.28550416292185843
p_99:-0.5039766990179508
p_100:0.7352627125098514
