initial_step:0.3368803380303039
p_0:-0.7217168779673844
p_1:0.31928204796221404
p_2:0.9447424355192553
p_3:0.6255497079524133
p_4:0.37813216763827207
p_5:0.45362566494719947
p_6:-0.3027710788508744
p_7:0.8483337456666189
p_8:0.11968141212012218
p_9:0.03653111326629732
p_10:0.2598755441648426
p_11:0.7759795821418054
p_12:-0.3723279274844773
p_13:0.005384836362995582
p_14:-0.45310718687827567
p_15:0.13409131614160819
p_16:-0.8751055965396701
p_17:-0.6564769508784585
p_18:0.5647111890333734
p_19:-0.3962989778429231
p_20:-0.7730486674670247
p_21:-0.9770761140973632
p_22:0.5474885594843706
p_23:-0.6609069978870625
p_24:-0.6177586997830684
p_25:-0.33515077034978646
p_26:0.7547023623037377
p_27:0.4282439965006615
p_28:0.38601858322860094
p_29:-0.05229945873921693
p_30:-0.7910206304586755
p_31:0.9912811885274135
p_32:-0.5065220462569502
p_33:0.3711804950677198
p_34:-0.38946611160073474
p_35:0.6747229152653815
p_36:-0.14943270869469827
p_37:-0.29951418576529654
p_38:0.6216100206883637
p_39:0.5752825940825728
p_40:-0.2881594575074453
p_41:0.8634670039060783
p_42:-0.0735914313933328
p_43:-0.7888993578007328
p_44:0.461769144764681
p_45:0.505308502286427
p_46:0.09760010758444992
p_47:0.018499916151374585
p_48:0.819112054151635
p_49:-0.8584242220572595
p_50:-0.17620477850226468
p_51:-0.7069138609368624
p_52:0.3474596316765084
p_53:0.43712229592347684
p_54:-0.7240435956692834
p_55:0.3794341685945699
p_56:0.026918450885706546
p_57:0.23466423228402644
p_58:0.21893273984992678
p_59:-0.025806781213539853
p_60:0.2222467996082984
p_61:-0.5411281018656964
p_62:0.6188913582100968
p_63:0.6099478982944928
p_64:0.08592810093482983
p_65:-0.5763909319285132
p_66:-0.42379305508148324
p_67:-0.7055850827253398
p_68:-0.6351753304838252
p_69:-0.7889653303261543
p_70:0.11687681645769965
p_71:0.4359049854656476
p_72:0.4992853677270257
p_73:0.28938661850727687
p_74:-0.6842153945720646
p_75:-0.14877846155758934
p_76:0.08854622319426309
p_77:0.07297169159416383
p_78:-0.11344745214165375
p_79:-0.3712029801744161
p_80:0.9214440314132177
p_81:-0.886836519827986
p_82:0.42762592326673543
p_83:0.7053846589983135
p_84:-0.13058938368909656
p_85:-0.18257130166611346
p_86:-0.06817278201337262
p_87:-0.794607654718092
p_88:-0.223483203812759
p_89:-0.992612489211359
p_90:-0.9572058048217909
p_91:0.0416360841329515
p_92:0.1453960078426093
p_93:0.33742793800168136
p_94:-0.5941093019423904
p_95:0.6623121158251415
p_96:0.5172190334627358
p_97:0.4323796149236656
p_98:-0.6706199925594076
p_99:-0.04650424520488139
p_100:-0.9537375333726432
