initial_step:0.6901187794308382
p_0:-0.13974690084043062
p_1:0.09927860683778489
p_2:-0.2835388836903818
p_3:-0.3320829474723983
p_4:-0.28972663776488705
p_5:-0.3031148291445409
p_6:-0.06273551525136134
p_7:0.8670889518793132
p_8:0.42376263313342144
p_9:-0.2326509687955831
p_10:0.6722276052721936
p_11:-0.12941688686036334
p_12:0.7839031420167997
p_13:-0.6928507367042465
p_14:0.11367028670316537
p_15:0.41543757732855746
p_16:0.15887539714315957
p_17:0.6508303870040422
p_18:-0.21323171193150015
p_19:-0.9077526557951117
p_20:0.32626704617163615
p_21:0.7784673586041762
p_22:0.47478582740854236
p_23:0.24141603634033015
p_24:-0.2444777928593871
p_25:0.20196060311406483
p_26:0.8162681179089188
p_27:0.16264700659538733
p_28:-0.01585912470432871
p_29:-0.38111554524568714
p_30:-0.31738304605808043
p_31:-0.015320594701145218
p_32:0.9829146951683432
p_33:-0.8521383577246362
p_34:-0.8340864422370684
p_35:0.9452051580563696
p_36:-0.04449967424243639
p_37:-0.7396137960763021
p_38:-0.898392542999285
p_39:0.4542122904330319
p_40:0.40902682478004326
p_41:0.45539872902085743
p_42:-0.6727908180160633
p_43:-0.5899918040171914
p_44:-0.5988506985030306
p_45:-0.4106865994236468
p_46:-0.18814753117349592
p_47:0.837170181789515
p_48:0.13525318003402642
p_49:0.9190128901444574
p_50:-0.024422429811767454
p_51:0.7449255278509701
p_52:0.02161107700446019
p_53:0.9386876393714081
p_54:0.2710830482971307
p_55:0.6562953539518639
p_56:-0.8383965133389017
p_57:-0.6474398088186384
p_58:-0.48834820656198374
p_59:-0.3343861468669753
p_60:-0.8084846602918896
p_61:0.4184371291505935
p_62:0.38216787613944647
p_63:-0.49797377596706616
p_64:0.8064526902869029
p_65:-0.28437779074235836
p_66:-0.9751451538848501
p_67:-0.816112972111424
p_68:0.417217835126271
p_69:-0.5625967896508073
p_70:0.6060441273036807
p_71:0.371836864962916
p_72:-0.8949903163218982
p_73:-0.2276040921305582
p_74:0.4939634781370248
p_75:0.22548637326580678
p_76:-0.7185351650589933
p_77:-0.4521881562530743
p_78:-0.9990458602156265
p_79:0.5916456165921846
p_80:-0.26887241721223276
p_81:-0.37685647512294196
p_82:0.9932739368541186
p_83:-0.0777880960089552
p_84:-0.24592042668772462
p_85:-0.9632986797470122
p_86:-0.10749831599560733
p_87:-0.018786989522597608
p_88:0.7564824887566566
p_89:-0.881068365766972
p_90:-0.9373585658717083
p_91:0.6074933276489032
p_92:0.338994732444047
p_93:-0.10202885812598161
p_94:0.1738754164661509
p_95:0.7507556355131477
p_96:-0.29054168283303694
p_97:0.45923466144878566
p_98:-0.2372141564046697
p_99:0.5480524489885912
p_100:-0.6963048335744915
