initial_step:0.5821388377322185
p_0:-0.9693303584217523
p_1:0.9416226848679978
p_2:-0.22429873376264609
p_3:0.3189083660541092
p_4:0.007453390233605139
p_5:-0.3366889898640968
p_6:-0.8350639114508522
p_7:0.891719104959297
p_8:-0.12502313213418703
p_9:-0.7776298991327613
p_10:-0.8578922680932646
p_11:0.9417373482700444
p_12:-0.4849030077414278
p_13:0.4595321112384858
p_14:-0.0879609509777124
p_15:0.2625997648187306
p_16:0.9025918370119783
p_17:-0.039946026201648
p_18:0.04404563672784856
p_19:-0.06392704051488862
p_20:0.21187551347820555
p_21:-0.31773827121096265
p_22:-0.43809951110956047
p_23:-0.6076280863462651
p_24:-0.7369003658012387
p_25:0.8962566991773144
p_26:0.0767010404028261
p_27:-0.8149120999092181
p_28:-0.06731435175136857
p_29:0.28534928960667405
p_30:-0.17296281666504032
p_31:-0.3697482086778985
p_32:0.16126335501246958
p_33:0.0563011482918665
p_34:-0.5369881756278485
p_35:0.473952172010929
p_36:-0.4275326211013053
p_37:-0.2195694967435311
p_38:0.9007421749706239
p_39:0.13792199239457226
p_40:0.5957448022614973
p_41:-0.9602538399814549
p_42:0.038339426156991374
p_43:-0.6674665670760933
p_44:-0.744166449001427
p_45:-0.5007122744278061
p_46:-0.008251015351040891
p_47:-0.4673799661570197
p_48:0.06570432179643615
p_49:-0.8590002965448638
p_50:-0.7976656218820766
p_51:-0.9908634933571492
p_52:-0.5612089836914538
p_53:0.5678142872965937
p_54:0.08630391501737122
p_55:0.5163718019891954
p_56:-0.27309829419209564
p_57:0.05839238253579637
p_58:0.9217219309860021
p_59:-0.9965292659033067
p_60:0.9981483183588844
p_61:-0.7808413570524553
p_62:0.37230212632035276
p_63:-0.22361979515525898
p_64:0.021803478146280142
p_65:-0.2281563234123436
p_66:-0.18657635836051134
p_67:0.3168149553485109
p_68:0.21034584437222215
p_69:-0.8092676547330868
p_70:0.057123447561624685
p_71:-0.012703362692470188
p_72:0.9432495645576151
p_73:0.8524418508042864
p_74:-0.2877458441064171
p_75:0.9132931831473823
p_76:-0.5083686978706734
p_77:0.06270030355232858
p_78:-0.42574532880583416
p_79:-0.6324537659907987
p_80:-0.08055179261808365
p_81:0.8716776843505565
p_82:-0.9213352055260766
p_83:-0.7743924699758886
p_84:0.9995156940638108
p_85:-0.3219160809156989
p_86:-0.7319970467062848
p_87:-0.07109623103223517
p_88:-0.725904012322812
p_89:-0.6994815174677875
p_90:0.9205379974714905
p_91:-0.7439164166639913
p_92:0.7510407680537781
p_93:0.11404658629190445
p_94:-0.40511367932440057
p_95:0.7134934870216929
p_96:0.36593859683578933
p_97:0.8511806189460775
p_98:0.4207821171137758
p_99:0.4380339450015762
p_100:0.7069397197867691
