initial_step:0.9418956989038354
p_0:0.47166720270966755
p_1:0.23316510805418034
p_2:0.9287387365849278
p_3:-0.8057817549546213
p_4:0.23074297700495028
p_5:-0.48603223214825664
p_6:0.853766726193181
p_7:0.8125237467003126
p_8:0.44433067692158135
p_9:0.8939054640773592
p_10:0.26494902884190785
p_11:0.1799026516862512
p_12:-0.7158714771445607
p_13:-0.8556215961061686
p_14:-0.2243485589610119
p_15:-0.5359562208769815
p_16:-0.3559630538652636
p_17:0.5582390312570846
p_18:-0.2982387495848249
p_19:0.6320945828658964
p_20:-0.3334358207145711
p_21:0.5405379984693641
p_22:-0.7743726802346145
p_23:0.89621375837362
p_24:-0.6990419046792336
p_25:0.6865029405229868
p_26:-0.9549983233413917
p_27:-0.012080971782094885
p_28:-0.4885295503317606
p_29:-0.2523312759936993
p_30:-0.0648203738437223
p_31:0.8803765574171296
p_32:0.22123353609831642
p_33:-0.32143213688380157
p_34:0.6781711902805521
p_35:0.3997001281413459
p_36:0.04270590425284371
p_37:0.8261392861957275
p_38:0.027859909819528017
p_39:-0.15479205066055624
p_40:-0.03765084897585291
p_41:0.5806638863964473
p_42:0.21896942441862377
p_43:-0.9297991286550775
p_44:0.7409269401062808
p_45:-0.6546310405525999
p_46:-0.3251641224418367
p_47:0.20475675481747402
p_48:-0.25895359758897807
p_49:-0.768191464468654
p_50:-0.27996989108300885
p_51:0.08133575587872333
p_52:0.3343335616977181
p_53:0.8126211558848739
p_54:0.6794002701718675
p_55:-0.0283214829355527
p_56:0.2365081564998126
p_57:0.12331166846878605
p_58:-0.2877301428029708
p_59:0.3998859042516656
p_60:0.7164562766386755
p_61:-0.09979295150322409
p_62:0.4008542102579633
p_63:-0.4151616627632435
p_64:-0.8938077566675255
p_65:-0.01861452893623028
p_66:0.20615114485173058
p_67:0.3288374915661074
p_68:-0.3400957334427037
p_69:-0.3549760507865418
p_70:-0.5255368953870303
p_71:-0.5128689190993958
p_72:0.26323681133126553
p_73:0.27991866051704717
p_74:-0.5668962595158207
p_75:-0.1796559357388059
p_76:0.8536042793532665
p_77:-0.3597724691901254
p_78:-0.9224625436127896
p_79:0.6458352975133597
p_80:0.2597615736513723
p_81:-0.1611114141796417
p_82:0.39774339216539434
p_83:0.2518946027828124
p_84:-0.2421921881930713
p_85:0.17917863601705797
p_86:0.3163879609497606
p_87:-0.6618619328550044
p_88:0.9989204012701947
p_89:0.807815061594775
p_90:-0.013011209412673974
p_91:0.07367918678163154
p_92:0.3529297232179889
p_93:-0.9454474729198079
p_94:-0.5722812199947223
p_95:0.11236955083807221
p_96:-0.08098366483217423
p_97:0.9610577296818019
p_98:-0.7310526730312239
p_99:0.7870948810944791
p_100:-0.9856523761298273
