initial_step:0.6136497344258115
p_0:-0.8599620502672536
p_1:0.9771518898575704
p_2:0.09001637585496214
p_3:-0.6563138241749762
p_4:0.024866587884577296
p_5:-0.027129998942460265
p_6:-0.5650058586461517
p_7:0.8984258847812674
p_8:0.455636205274665
p_9:0.4289667276736562
p_10:0.41349901496451547
p_11:0.8576752709796309
p_12:0.5476629729097051
p_13:-0.5052796203994647
p_14:-0.664767625902182
p_15:-0.1243095214697616
p_16:0.9116434718419373
p_17:0.6293256931546412
p_18:0.7449067321335201
p_19:0.6444922472003758
p_20:-0.9957195423864165
p_21:0.17105887794543406
p_22:-0.4164066052193145
p_23:-0.39913194685284936
p_24:-0.6587544129160401
p_25:0.15021962773782316
p_26:-0.2976366636674228
p_27:0.7308695142919948
p_28:-0.10872919064726028
p_29:0.022270945079372106
p_30:0.07817070484727284
p_31:0.43829580359717757
p_32:0.8544136320197917
p_33:0.06592574256912997
p_34:-0.03996867213102551
p_35:0.14855445143319068
p_36:-0.49834411380972754
p_37:-0.2665989354413163
p_38:0.0015934469017206965
p_39:0.7868205257252745
p_40:-0.9703444454882466
p_41:0.3993825370295927
p_42:-0.8424496536099448
p_43:-0.40083066469812234
p_44:-0.29906407014133674
p_45:0.4532458124979222
p_46:0.9003528653710717
p_47:-0.7664130006631034
p_48:0.033925417921139234
p_49:-0.939990589742751
p_50:0.8276211400650986
p_51:0.691970830125394
p_52:0.8720035862802356
p_53:0.9359595605245805
p_54:-0.16329909688597155
p_55:-0.32597461267052297
p_56:-0.25250327709188536
p_57:0.6135913417819976
p_58:0.9103625966028936
p_59:-0.8912165430140764
p_60:0.8936024273564909
p_61:0.651654826601406
p_62:-0.5038755792796168
p_63:0.547615762021084
p_64:-0.9366119305152834
p_65:-0.5951308335496259
p_66:0.48866004538190744
p_67:0.7452958749973928
p_68:-0.18998236373418975
p_69:-0.7074997724974117
p_70:0.09875698144139577
p_71:0.3178582246443846
p_72:0.3750714402867057
p_73:-0.1364064563787093
p_74:0.27549076504128744
p_75:0.5011035037873985
p_76:0.9481051827113847
p_77:-0.2770381623013145
p_78:0.3977157426997946
p_79:-0.534919618293471
p_80:-0.879827546175731
p_81:-0.2520221517876602
p_82:-0.5397587998695916
p_83:-0.6001827901724701
p_84:0.9888854582511379
p_85:-0.6276729949694824
p_86:-0.6077911247120695
p_87:-0.17695219494118763
p_88:0.5045692491923119
p_89:0.7677027776677321
p_90:0.7943583241325685
p_91:-0.208858220952155
p_92:0.3078813464486456
p_93:-0.2656305594715631
p_94:-0.6158466439063981
p_95:0.4071950599688767
p_96:0.3367276072566652
p_97:-0.1468345240724791
p_98:-0.846907855079009
p_99:0.2519531445028591
p_100:0.06648332525224165
