initial_step:0.5087985716352484
p_0:-0.32095686084621566
p_1:-0.5595638000185585
p_2:0.3541138992096333
p_3:-0.9359269348518013
p_4:-0.19175101810916417
p_5:-0.5433712115509104
p_6:0.29103373327366544
p_7:0.8816447592781362
p_8:0.876635673397071
p_9:-0.00567300653867453
p_10:-0.514869571447985
p_11:0.3339216815053161
p_12:0.17818411085827313
p_13:-0.634320826765004
p_14:-0.16365785665680566
p_15:0.8371266359501552
p_16:0.24704030442747382
p_17:-0.09542795000885351
p_18:-0.7919142420722491
p_19:0.49704880257211026
p_20:-0.5383628197178023
p_21:0.7460017551673528
p_22:0.20739312022680378
p_23:0.39337509220691613
p_24:0.8093746658225769
p_25:-0.8571240100959425
p_26:-0.20595487889898823
p_27:0.5582601836410632
p_28:-0.715235442311154
p_29:-0.7099315026687567
p_30:-0.7196013701438917
p_31:-0.24258420478420617
p_32:0.5077368518182992
p_33:0.15236041787846033
p_34:0.1893978443000779
p_35:-0.021782701764338164
p_36:-0.8804323744983009
p_37:-0.14645557050246238
p_38:0.5792382632293391
p_39:0.3363715854454863
p_40:-0.49336685260201296
p_41:-0.14576229374407723
p_42:0.6223056873641553
p_43:-0.854265804025651
p_44:-0.2154684471982249
p_45:0.6450276997910918
p_46:0.7186353886337711
p_47:-0.9067921583602037
p_48:0.48141187151678544
p_49:0.18680609046619878
p_50:0.7860293517402432
p_51:-0.4886704285107115
p_52:0.5740476516954269
p_53:0.3629935615426778
p_54:0.7427476736073426
p_55:0.009452701204251568
p_56:0.499914201716009
p_57:-0.8426940709904891
p_58:0.7045963887603064
p_59:0.9476230973818502
p_60:-0.9123898425083203
p_61:-0.5753251952893177
p_62:0.8131475371208963
p_63:0.6695562654592373
p_64:-0.7301952613068072
p_65:0.8444588055563707
p_66:-0.7088794822549387
p_67:0.6319949011228616
p_68:0.2018896259298768
p_69:0.3164090939568607
p_70:-0.11388885365262769
p_71:0.44917581838061693
p_72:-0.6668660258838566
p_73:0.282499862006923
p_74:-0.6581707016351839
p_75:0.49720434896917176
p_76:0.8706940334702673
p_77:0.8850732223831093
p_78:0.18709865341225984
p_79:-0.7529457501377634
p_80:-0.7129624464850575
p_81:0.0530893017805385
p_82:-0.022366224520661504
p_83:0.20536224831192218
p_84:0.7475894733242225
p_85:0.14868670123298244
p_86:-0.7415852886672571
p_87:-0.15430573020750948
p_88:-0.9671416926515395
p_89:-0.2471893060556496
p_90:0.6445068447840121
p_91:0.3741330823082687
p_92:-0.09095368174611385
p_93:0.8792917940151592
p_94:0.23340285555935836
p_95:-0.8163269560647202
p_96:-0.19032566439494025
p_97:-0.08772335031527834
p_98:0.7601473035622024
p_99:0.05790376203744252
p_100:-0.33489286710952393
