initial_step:0.26981253861207843
p_0:0.537074783404107
p_1:0.7610197628103741
p_2:0.22907243518108222
p_3:-0.2342635983001029
p_4:-0.236220909679824
p_5:0.9101913478143078
p_6:-0.23758620130426866
p_7:0.15469332966901472
p_8:0.770202708448158
p_9:0.35963608745137665
p_10:0.4840861652286508
p_11:-0.4657712183856011
p_12:0.46907380323727765
p_13:0.3260185776981921
p_14:0.017467619804089063
p_15:0.30792932313959587
p_16:0.9239680207676897
p_17:0.2186471207494587
p_18:-0.9244351133122639
p_19:-0.3671379457615145
p_20:0.7884596400262842
p_21:-0.14865613675025124
p_22:0.8805227424017146
p_23:0.7356251225674064
p_24:-0.8167915956450165
p_25:0.49152791715666244
p_26:-0.40244629153556577
p_27:0.5830612180234191
p_28:-0.8983311157073044
p_29:0.39037075396212084
p_30:-0.37359711872654233
p_31:-0.49883823262763816
p_32:0.014988414328210187
p_33:0.4912304411943058
p_34:0.9397280358080622
p_35:-0.32233004067650217
p_36:-0.9373875865891583
p_37:0.3611627620872355
p_38:0.8992441054380385
p_39:-0.31828361816118655
p_40:-0.38973065346183766
p_41:-0.9377531472203293
p_42:0.5190237927056092
p_43:-0.7443550744983927
p_44:0.6859430933473796
p_45:0.43738944020064197
p_46:-0.8347752348078221
p_47:0.48404463655883534
p_48:-0.6221245008593486
p_49:0.3070606216857059
p_50:0.49490604721418063
p_51:-0.3948069134034091
p_52:-0.9552124658748788
p_53:0.3883859590056009
p_54:-0.9996814253180608
p_55:0.08436742980573708
p_56:0.6466649562747626
p_57:0.789739631971949
p_58:-0.8932896430376629
p_59:-0.31599532350277726
p_60:-0.6191947556494721
p_61:0.9531412064114053
p_62:-0.9081033945466233
p_63:-0.9748548373294759
p_64:-0.5263631283300483
p_65:-0.273550871802281
p_66:0.2166217625182525
p_67:0.07399206372516343
p_68:0.06750673530008466
p_69:0.1740745695450845
p_70:0.3600286644676929
p_71:0.5702538732080331
p_72:0.6107758646076982
p_73:0.17342255779859994
p_74:0.7664380063848164
p_75:-0.2127931204127942
p_76:0.8632864248115886
p_77:0.555500486317192
p_78:0.3410104268983223
p_79:-0.7866503935606459
p_80:0.4374971835194592
p_81:-0.5402791865866448
p_82:0.6371921356314068
p_83:-0.8911046176960671
p_84:0.738189955188558
p_85:0.5690898426224866
p_86:-0.14810390156828035
p_87:-0.3422100653520903
p_88:0.5422901957495545
p_89:-0.09090939905810291
p_90:0.752596861584544
p_91:0.7955480181857026
p_92:-0.18689255104002012
p_93:0.6477391352688546
p_94:0.44061854705019465
p_95:0.3941106884449348
p_96:-0.45004245907907303
p_97:0.08866126972734767
p_98:-0.22162592977253914
p_99:-0.5109173320396061
p_100:0.7560817771341644
