initial_step:0.9719356392848139
p_0:-0.20375638517609218
p_1:-0.23373520695708505
p_2:-0.21440792098336714
p_3:-0.3303967833918393
p_4:0.40846310554551124
p_5:0.6410872184049516
p_6:0.4392857353018522
p_7:-0.0038133760569973862
p_8:0.7146980834795327
p_9:0.8948869019415082
p_10:0.7543971151217308
p_11:-0.2934049589595815
p_12:0.9102535756052934
p_13:0.5371984872671891
p_14:0.33042924055068545
p_15:-0.6816834792942335
p_16:-0.12864083485530986
p_17:-0.2403417690322276
p_18:-0.4231931144543204
p_19:-0.14623392580471473
p_20:-0.8679152578609144
p_21:0.845591648835176
p_22:0.8653236751030313
p_23:-0.2708279479325417
p_24:-0.14659771405237265
p_25:0.822927331901006
p_26:-0.2243583665582809
p_27:0.8225965164688986
p_28:-0.9435071280468008
p_29:0.8135932846128251
p_30:0.7399917006464536
p_31:0.9191540108735523
p_32:0.6805937753653584
p_33:-0.07289515177004668
p_34:-0.8471473058007208
p_35:-0.6420159487039516
p_36:0.7552128441286088
p_37:0.8060588917889773
p_38:-0.5583819428779453
p_39:0.04995610061251998
p_40:0.9218366959911051
p_41:0.7290583740633159
p_42:0.5849329474498255
p_43:-0.47641486109948183
p_44:-0.28606655525212976
p_45:0.8917394815879196
p_46:0.9516847416445029
p_47:-0.8471028589235823
p_48:-0.2998036453206525
p_49:0.11323396430749977
p_50:0.44029019412429005
p_51:0.15290953006990216
p_52:-0.7031636365503515
p_53:-0.6628169823837982
p_54:0.14604906253174943
p_55:0.06767250982174744
p_56:0.48245761564879897
p_57:-0.563090233311023
p_58:-0.9469145095892479
p_59:0.9718872227673525
p_60:0.4513171730140766
p_61:-0.24619966121893233
p_62:0.8438789240443958
p_63:0.7345061430629771
p_64:-0.2217854090403737
p_65:-0.18994997295086247
p_66:0.5689038946104166
p_67:0.0374301273586235
p_68:0.2743038163273359
p_69:-0.5783315878817885
p_70:0.21830996499841304
p_71:-0.6324086843830536
p_72:-0.8108438510488993
p_73:0.005459597463256305
p_74:0.14386804392265495
p_75:0.937189948555734
p_76:-0.29462225059930525
p_77:0.9163761117217868
p_78:0.7802364957164607
p_79:0.7941081092830207
p_80:0.949836799344298
p_81:0.7094762971567357
p_82:0.6487397172172318
p_83:0.4721692530927697
p_84:-0.3593219869963069
p_85:-0.9191893938712834
p_86:0.6896358201105235
p_87:0.43041348868059126
p_88:0.6607377429374934
p_89:0.9873169492291793
p_90:-0.33031779780241766
p_91:-0.9361440742623897
p_92:0.2087252520397065
p_93:-0.09472347349424637
p_94:-0.09628067572572774
p_95:-0.07061014146019806
p_96:-0.704276817043801
p_97:0.7573056483682259
p_98:-0.2933739025186246
p_99:-0.9316257462074731
p_100:0.08764129443596702
