sigma_0:0.14866951459069752
sigma_1:-1.226219150079946
sigma_2:-0.7673319147020806
sigma_3:1.0810419513748617
sigma_4:-0.6693600427860188
sigma_5:0.09890579768125397
sigma_6:-1.0567457369691573
sigma_7:0.6902827143176592
sigma_8:0.12859657750231848
sigma_9:0.7651432609561253
sigma_10:-1.1766781564371527
sigma_11:0.5316955125054099
sigma_12:1.2631968513310188
sigma_13:-1.6431397581137916
sigma_14:1.510953959622145
sigma_15:0.9089981775796041
sigma_16:-0.0671641626519643
sigma_17:-2.04801160391748
sigma_18:1.4548300002672108
sigma_19:-0.938108184885735
sigma_20:-0.6023088258001341
sigma_21:-0.666189974824356
sigma_22:0.4559543498782025
sigma_23:1.437871110684922
sigma_24:1.842696132242893
sigma_25:1.062775070918728
sigma_26:0.8266081907960918
sigma_27:-0.02659333167297592
sigma_28:0.805207966032816
sigma_29:0.8847811955907762
sigma_30:0.3026009150110889
sigma_31:1.2443702614535577
sigma_32:-0.5508762024628222
sigma_33:-1.1753610366061558
sigma_34:-0.0791539057370938
sigma_35:0.9647938100791214
sigma_36:-0.3173360755276402
sigma_37:0.49328055025134304
sigma_38:0.20520505021770427
sigma_39:1.2726280446493141
sigma_40:-0.38488992411208656
sigma_41:0.8393598355096025
sigma_42:-0.33286089349451264
sigma_43:-2.4328777121345593
sigma_44:-0.8407303110524716
sigma_45:0.5079601716110556
sigma_46:-3.5590497702855086
sigma_47:-0.03788208958098567
sigma_48:-1.639580145174828
sigma_49:1.1186720454243044
sigma_50:-0.31077651660854133
sigma_51:1.765270688860334
sigma_52:-0.4571689230033994
sigma_53:0.8408801191066003
sigma_54:-1.296148842564019
sigma_55:0.9956989691968754
sigma_56:0.24904757615752834
sigma_57:1.306354435453672
sigma_58:-0.2806185582162864
sigma_59:-0.4346842799868573
sigma_60:-1.1032489656316846
sigma_61:0.3297686498361266
sigma_62:-0.7043386734214087
sigma_63:1.3792681773998872
sigma_64:-0.12297563626627744
sigma_65:-2.588761053937181
sigma_66:0.011366444956769218
sigma_67:-0.3372732128982937
sigma_68:-1.0908423345649954
sigma_69:0.9121368332944683
sigma_70:-2.1216473403097487
sigma_71:-1.6098255656538847
sigma_72:-1.080130862560827
sigma_73:-0.9364722832725398
sigma_74:0.5103399233584898
sigma_75:-1.960561660028315
sigma_76:1.9003286563016077
sigma_77:-0.8540150761182883
sigma_78:-0.6649627013754247
sigma_79:-2.220823385782435
sigma_80:-0.6766216428023644
sigma_81:-0.286076780617804
sigma_82:-0.15997446207249463
sigma_83:-0.06632959539771108
sigma_84:2.118173116029255
sigma_85:-0.3714711271606303
sigma_86:-1.7604178081675275
sigma_87:-0.3032392856246572
sigma_88:-1.0196372801727476
sigma_89:-1.440402069359904
sigma_90:-0.48591612351311014
sigma_91:-2.479293173262353
sigma_92:-1.5316361547948316
sigma_93:0.30181006960079193
sigma_94:-1.0502280422040458
sigma_95:0.7759572336883014
sigma_96:1.081331721123554
sigma_97:0.258442460866395
sigma_98:-1.5830700044328128
sigma_99:-0.5401966937579006
