sigma_0:0.730100887291307
sigma_1:-0.18717744781227236
sigma_2:0.18047860265560706
sigma_3:0.5511599049229671
sigma_4:0.290519815211633
sigma_5:-1.8279781285025043
sigma_6:-0.0917327096488552
sigma_7:-0.033151214984615054
sigma_8:-0.20763648811483473
sigma_9:0.06702659066460176
sigma_10:-1.5535351340222825
sigma_11:-0.6845937338377496
sigma_12:0.09054547054107386
sigma_13:1.167871795741062
sigma_14:0.7242987778338524
sigma_15:1.2049951228705669
sigma_16:-1.4659542547746807
sigma_17:-2.028077815865846
sigma_18:-0.7104218562719076
sigma_19:-1.626115588910039
sigma_20:0.5724444624875298
sigma_21:1.5175909928944245
sigma_22:0.7536979889591939
sigma_23:2.355932675459733
sigma_24:-0.592573524487022
sigma_25:-1.3994449816650645
sigma_26:2.7967609779306835
sigma_27:0.6921195506126316
sigma_28:0.3573917673776404
sigma_29:0.982436337253672
sigma_30:2.0956501666789094
sigma_31:3.1266884609015135
sigma_32:0.013400389522379059
sigma_33:-0.4786913770898
sigma_34:0.9402470319274657
sigma_35:-0.21324498047840137
sigma_36:0.30706605697930467
sigma_37:-0.17019836989906104
sigma_38:0.0971652974050692
sigma_39:-0.9614674490613964
sigma_40:1.0139917557407776
sigma_41:0.7547664476236967
sigma_42:0.15363441329276845
sigma_43:-0.07743083121934602
sigma_44:-0.4849237663722866
sigma_45:-0.2593492268057338
sigma_46:0.02955952644423127
sigma_47:0.9696554674861774
sigma_48:-0.2883740575370945
sigma_49:0.11646926355913256
sigma_50:-1.2154111024129244
sigma_51:1.1990321287457233
sigma_52:0.8832195565912538
sigma_53:1.0794495651324822
sigma_54:0.3335536663993218
sigma_55:2.5115365835573584
sigma_56:0.5970260068308642
sigma_57:-1.9608825478079495
sigma_58:-0.29144606471141793
sigma_59:3.375256859512907
sigma_60:0.11780315353794696
sigma_61:-1.6994404923572881
sigma_62:-1.9806702856510636
sigma_63:-0.9471122721943966
sigma_64:1.5290989066478264
sigma_65:1.0364401423829408
sigma_66:1.3063046735424595
sigma_67:-1.4516810430455018
sigma_68:-2.3431767888650286
sigma_69:1.781461497678185
sigma_70:-0.4348400753362853
sigma_71:-2.124735222010103
sigma_72:1.2338825071459427
sigma_73:-1.2490906072058616
sigma_74:-0.5229622082619951
sigma_75:0.36015061009102917
sigma_76:0.33589940912138316
sigma_77:-1.4443572622925767
sigma_78:-0.7610705094324418
sigma_79:0.9901123433507443
sigma_80:-0.17627620448059825
sigma_81:0.8155669800876045
sigma_82:-0.24064218956869202
sigma_83:0.06468655181551393
sigma_84:-0.8825978734628064
sigma_85:-0.4923614925239862
sigma_86:-0.52597953712091
sigma_87:-0.7185925827625368
sigma_88:0.8490405597410048
sigma_89:0.35526593997086914
sigma_90:0.15103180352619655
sigma_91:1.2864396415637607
sigma_92:1.5814716604424042
sigma_93:-0.8479824508071732
sigma_94:0.3091741763354589
sigma_95:-1.6891937534970793
sigma_96:-1.7904832694318837
sigma_97:1.124264978231352
sigma_98:-0.5671152028724146
sigma_99:0.3937792158610395
