sigma_0:-1.1630882863478258
sigma_1:0.17188718725965962
sigma_2:-0.025512172170097998
sigma_3:0.3389273877933132
sigma_4:-1.3596760457519443
sigma_5:-0.3065311869462654
sigma_6:1.673111664230919
sigma_7:0.6911667786832119
sigma_8:0.6911562178568853
sigma_9:0.3766769276064039
sigma_10:-0.16926748207817377
sigma_11:1.1581029046771714
sigma_12:-1.2103063199475728
sigma_13:-0.3772862033344633
sigma_14:-0.7232613222720408
sigma_15:-1.4913500725460689
sigma_16:0.1451831732503895
sigma_17:-1.2232086353916307
sigma_18:2.3465064626138754
sigma_19:-0.04130709520370168
sigma_20:1.3603501900363022
sigma_21:1.3941269927881412
sigma_22:-0.30553641549609745
sigma_23:0.6828773174338539
sigma_24:1.3292647993668192
sigma_25:-0.6710089792083501
sigma_26:-1.0060981828372015
sigma_27:0.8195517964549083
sigma_28:0.48269329903163805
sigma_29:0.7250089592921801
sigma_30:-0.2824008615848908
sigma_31:-0.16401245464971784
sigma_32:-0.3072303806983219
sigma_33:-0.8298813172721193
sigma_34:1.0574973348722152
sigma_35:1.183188155576452
sigma_36:1.1739136756573187
sigma_37:-0.03718041032017038
sigma_38:-0.35368925778739735
sigma_39:0.006829894038869951
sigma_40:0.8048300505795623
sigma_41:-0.5252773521155274
sigma_42:0.43626368966579415
sigma_43:-0.001374955441464919
sigma_44:0.32173966563767054
sigma_45:-0.01658648883290734
sigma_46:0.9682566398108325
sigma_47:-0.08381352715214195
sigma_48:0.41048019848010536
sigma_49:-0.942809305316757
sigma_50:-1.3731047104505878
sigma_51:-0.40576935069141057
sigma_52:-0.6250038558136508
sigma_53:0.8043693712285302
sigma_54:1.049999752442557
sigma_55:-0.1432392525830888
sigma_56:-1.581428244583967
sigma_57:-0.2203623362670528
sigma_58:-1.504775900692336
sigma_59:0.8616090238614788
sigma_60:-1.396396626480613
sigma_61:-0.8553527134765683
sigma_62:0.3286465146287983
sigma_63:-0.766149121270592
sigma_64:-1.7846068414327
sigma_65:0.8935642857562484
sigma_66:-0.6151963133302267
sigma_67:0.5202061352945069
sigma_68:-1.0394375892354055
sigma_69:1.2752384788614353
sigma_70:-0.02226035991158466
sigma_71:1.0189373777117166
sigma_72:-3.056084156114179
sigma_73:-1.0383452092953986
sigma_74:0.29122941016426757
sigma_75:0.22084484634099305
sigma_76:-1.8179616779825116
sigma_77:-0.7874423685375154
sigma_78:0.09936010980477097
sigma_79:-0.851466686868903
sigma_80:1.5005820230251776
sigma_81:-0.778557154956785
sigma_82:-0.0803363675345402
sigma_83:-0.19979082962480482
sigma_84:1.4035660392455584
sigma_85:-0.5925096394607569
sigma_86:-0.2089370589382468
sigma_87:-1.656308550778929
sigma_88:0.6574001200101623
sigma_89:-0.2658994070832763
sigma_90:1.1765211565034335
sigma_91:0.4587828656462804
sigma_92:0.10028753322146326
sigma_93:1.107605867453049
sigma_94:-0.9938727559339753
sigma_95:0.12788944617470102
sigma_96:0.28785743004673503
sigma_97:1.1814578987689077
sigma_98:0.34144778320677444
sigma_99:-1.8900621603466115
