sigma_0:0.49612120202824495
sigma_1:-0.7459891072962292
sigma_2:0.1865440063471174
sigma_3:0.07243064611276302
sigma_4:0.2173843015219217
sigma_5:1.013719706727667
sigma_6:0.8038530789218178
sigma_7:0.065228115044846
sigma_8:-0.7867526374950365
sigma_9:3.0289247349047086
sigma_10:0.0753854605464928
sigma_11:0.8110161242178567
sigma_12:0.9232032530894403
sigma_13:-0.9636913542440615
sigma_14:0.8081277499929552
sigma_15:-1.5077429179444164
sigma_16:1.760058173308954
sigma_17:1.3983351523211411
sigma_18:-1.7444723315584658
sigma_19:1.4440105337424434
sigma_20:1.2667387098485137
sigma_21:0.20897994822236654
sigma_22:2.5430316436318794
sigma_23:-0.7164538176285054
sigma_24:-0.21568158981542535
sigma_25:2.2410523584977873
sigma_26:1.245286590514314
sigma_27:1.1603221801967187
sigma_28:0.1901620956034298
sigma_29:1.6571952741183356
sigma_30:-1.405364793557285
sigma_31:-0.554131052493554
sigma_32:-0.32478780761763426
sigma_33:0.7661043975963268
sigma_34:0.48081512674592286
sigma_35:-0.016147142040198483
sigma_36:0.8763256433292469
sigma_37:0.13532791154101315
sigma_38:-0.8708211870163958
sigma_39:0.31553057262579387
sigma_40:0.792927734233165
sigma_41:0.8638931519885311
sigma_42:1.187106179380537
sigma_43:-0.30150879581027346
sigma_44:-0.4652038833466049
sigma_45:0.9608735834560778
sigma_46:0.2369655553891248
sigma_47:0.20455149342532428
sigma_48:1.5111128537876348
sigma_49:0.04201361500583103
sigma_50:0.28558587592748924
sigma_51:-0.11972153460479532
sigma_52:2.1643910013334327
sigma_53:-2.0775536607852136
sigma_54:-0.7859220705867678
sigma_55:0.9485914201039194
sigma_56:-1.152633471906503
sigma_57:0.5051332800147995
sigma_58:-0.20591304718630127
sigma_59:-0.5572408018230112
sigma_60:-0.3889671200098362
sigma_61:1.4189470119798548
sigma_62:1.2754484068648817
sigma_63:-0.32558949048016717
sigma_64:1.1911197184135882
sigma_65:1.701184759375899
sigma_66:0.21475792738499133
sigma_67:-2.4366314776606948
sigma_68:-0.7553707771541542
sigma_69:-1.301485187105714
sigma_70:-0.3133226416735885
sigma_71:-0.848418943460141
sigma_72:-1.3484372670264053
sigma_73:1.4603530225622792
sigma_74:-0.42405242537636556
sigma_75:0.27764756695380877
sigma_76:-1.830234520746504
sigma_77:0.010572133966335847
sigma_78:0.576744617001726
sigma_79:-0.10095918535196766
sigma_80:0.5663358645514308
sigma_81:-0.14918270304247996
sigma_82:-0.8296355025799163
sigma_83:0.5631496804060264
sigma_84:-0.23740753877133408
sigma_85:-1.3393576090100487
sigma_86:1.9501630082342862
sigma_87:1.577465934977256
sigma_88:0.18227224035938458
sigma_89:-0.4463895612305023
sigma_90:0.5020420814503622
sigma_91:0.37803714751877243
sigma_92:-1.3360529922115694
sigma_93:0.8011533769832292
sigma_94:-1.175338958467742
sigma_95:-0.847716723396593
sigma_96:0.592597351410752
sigma_97:-0.8867223106667892
sigma_98:1.9149438631029894
sigma_99:-0.542759182423659
