sigma_0:-1.328751388499299
sigma_1:-0.3014224854410987
sigma_2:-0.06949200539612767
sigma_3:-0.018446656798689124
sigma_4:0.5811640167682756
sigma_5:1.0079222553174954
sigma_6:-0.4011276108053029
sigma_7:1.103637976588275
sigma_8:-1.4497511953860465
sigma_9:-0.036183963333993326
sigma_10:0.6138059296539679
sigma_11:0.2836348399371424
sigma_12:-0.6139218843768652
sigma_13:0.45730966334173984
sigma_14:0.6556435334784653
sigma_15:-1.2149137258928853
sigma_16:1.042304472926719
sigma_17:-1.2835476997922033
sigma_18:-0.00730968864348391
sigma_19:1.0723053818236854
sigma_20:0.3077369883744347
sigma_21:0.5323754818972601
sigma_22:-0.3595536293995958
sigma_23:0.31837797236625864
sigma_24:1.0836675859171947
sigma_25:-2.2199043589858425
sigma_26:-1.4302789028360907
sigma_27:0.24882071622004404
sigma_28:-0.17942730802932047
sigma_29:0.48504365458731297
sigma_30:1.3135347608703691
sigma_31:-0.20122388719798806
sigma_32:-0.5219326618271207
sigma_33:0.0011872429357905538
sigma_34:-0.6398660873688246
sigma_35:1.4322495996397884
sigma_36:1.9470562108934795
sigma_37:-0.5878819382846122
sigma_38:0.46233221854016826
sigma_39:-0.12348462114508298
sigma_40:-1.617812804326915
sigma_41:-0.38212261253786284
sigma_42:-0.8782513510989818
sigma_43:1.0427340416653297
sigma_44:-1.0885186482114182
sigma_45:1.5488831754231172
sigma_46:-0.7254749578478349
sigma_47:1.463542632564895
sigma_48:0.42983406411534614
sigma_49:-1.4136008583846096
sigma_50:0.5512905274735744
sigma_51:-1.2463350479478252
sigma_52:0.20391129272576036
sigma_53:-0.6221064282100107
sigma_54:-0.07062894250714438
sigma_55:-1.5162876140017716
sigma_56:-0.45632796622819105
sigma_57:-0.03954697315858541
sigma_58:-1.3288576356254505
sigma_59:1.4000946303292654
sigma_60:0.03641954734480234
sigma_61:-1.653276775750127
sigma_62:0.1644033840962488
sigma_63:-0.21787564129745313
sigma_64:-0.28825264616577484
sigma_65:-0.902717521802245
sigma_66:-2.027575756629727
sigma_67:1.3955659352127503
sigma_68:0.8143891026273737
sigma_69:-0.5482448324749002
sigma_70:0.1958438784039017
sigma_71:-0.7575932922612076
sigma_72:0.4316224811347009
sigma_73:2.1814898241167855
sigma_74:-0.25043889758609306
sigma_75:0.5896278430880696
sigma_76:-0.4395196595411931
sigma_77:0.047268760092076055
sigma_78:-1.1808824742808794
sigma_79:0.4731036236165429
sigma_80:-1.2137908353823805
sigma_81:-1.0076230296475124
sigma_82:-0.05681574970796416
sigma_83:-1.005048382565901
sigma_84:0.04602568621732923
sigma_85:0.779201974560819
sigma_86:-0.4498611719619646
sigma_87:-0.45259986868745566
sigma_88:1.367857608104782
sigma_89:-0.9485807965744669
sigma_90:0.6529236345668814
sigma_91:-0.21787182835829433
sigma_92:-0.7957980121559783
sigma_93:0.4420563400298826
sigma_94:0.8523602978770615
sigma_95:-0.5956351143158016
sigma_96:-0.4792569475360101
sigma_97:1.4267051728284355
sigma_98:0.1425066103966556
sigma_99:0.6113250093430441
