sigma_0:-1.2453480327880693
sigma_1:-1.1499932373741137
sigma_2:1.4952227522638115
sigma_3:-0.52932085645553
sigma_4:-0.6271631683795595
sigma_5:2.1503099968207575
sigma_6:-0.05004918640878471
sigma_7:-0.3862756670376409
sigma_8:1.302545176807684
sigma_9:-1.2196159367299957
sigma_10:-1.996495579737117
sigma_11:2.1397747937024336
sigma_12:0.9792674887822509
sigma_13:-0.018795812665405868
sigma_14:-0.19251703972988155
sigma_15:-1.5964918544052284
sigma_16:0.5930715981535299
sigma_17:1.5412101966192584
sigma_18:-0.15608556595077025
sigma_19:1.737938219116001
sigma_20:0.4329804981220347
sigma_21:0.6500911199021906
sigma_22:0.42584438294159355
sigma_23:-1.435998676903537
sigma_24:-2.9622859657609832
sigma_25:0.23259011182436984
sigma_26:1.2980496268542845
sigma_27:-0.2245287164081688
sigma_28:0.7344595314101873
sigma_29:0.9211653091564425
sigma_30:-1.6303267364397063
sigma_31:-0.03852587499996103
sigma_32:-0.03680735424370328
sigma_33:-0.2241877793337007
sigma_34:0.03803023537532415
sigma_35:0.3322529006004564
sigma_36:-2.4998932904595854
sigma_37:-0.6152101064156509
sigma_38:-2.202511762941917
sigma_39:-0.670032601551788
sigma_40:-0.008893551608177423
sigma_41:-0.3726550732753593
sigma_42:-0.1140999617458993
sigma_43:1.6613043793455984
sigma_44:0.42273020262628797
sigma_45:0.8350605272874025
sigma_46:0.5004158425749079
sigma_47:0.33943432045147315
sigma_48:2.307733890768241
sigma_49:-0.003790851023389763
sigma_50:1.1644093127894395
sigma_51:-0.08769218292492195
sigma_52:0.3949584707348211
sigma_53:-0.22183720574602575
sigma_54:0.02028908859949196
sigma_55:0.1306359628702199
sigma_56:0.9180525196596073
sigma_57:-2.110387713502332
sigma_58:-0.9602045657127619
sigma_59:-0.6989501271254132
sigma_60:0.20802905189178436
sigma_61:1.2915405521316001
sigma_62:0.6967575148039009
sigma_63:0.5561146598080055
sigma_64:0.14707716805447243
sigma_65:0.199188032693261
sigma_66:1.3905513274780539
sigma_67:0.18914149094180677
sigma_68:0.20267797323585982
sigma_69:-0.29188239423657886
sigma_70:0.45536264199629584
sigma_71:0.4523765261761417
sigma_72:-0.44707618565065277
sigma_73:0.6859877855605554
sigma_74:-0.26430828117815935
sigma_75:-0.24048149400601607
sigma_76:0.17092923022218276
sigma_77:-1.8618524995363146
sigma_78:-0.6453141807280476
sigma_79:-1.9104077127063646
sigma_80:-1.4725632313170718
sigma_81:-0.429101826514609
sigma_82:-0.47978895829545554
sigma_83:-0.01140465616203783
sigma_84:-0.7555279735959122
sigma_85:1.9371276035283165
sigma_86:-0.701735075437007
sigma_87:0.9921200478005509
sigma_88:1.042450158139665
sigma_89:0.17182679313777569
sigma_90:0.03893205207416388
sigma_91:-0.31018998329834063
sigma_92:-0.4638029178081926
sigma_93:1.1766957739020498
sigma_94:0.48062618686985276
sigma_95:-0.15713581961268527
sigma_96:-1.296441431286155
sigma_97:-0.619521282350229
sigma_98:1.7704757720605704
sigma_99:-0.2217639391853969
