sigma_0:-2.0529488785350165
sigma_1:-1.4639798248134224
sigma_2:-0.6762493347145437
sigma_3:-0.024423459616933717
sigma_4:0.8170697460787006
sigma_5:0.36570986242295966
sigma_6:0.7552522211722877
sigma_7:0.5662681226876225
sigma_8:1.397101186776951
sigma_9:2.034084163852004
sigma_10:-1.6923274697725865
sigma_11:-0.3388877076752357
sigma_12:-0.21300133863271675
sigma_13:-0.5567514756713086
sigma_14:-0.8013270213180197
sigma_15:0.3560037925363946
sigma_16:-0.009828063091703068
sigma_17:-1.6201018616668654
sigma_18:1.7616818304495676
sigma_19:0.301306445063853
sigma_20:0.12971823786081127
sigma_21:-0.6003794524442975
sigma_22:-2.14346972301438
sigma_23:-0.009751816573484715
sigma_24:1.9224190797214915
sigma_25:-0.32525731878296793
sigma_26:0.9714186882773581
sigma_27:0.09313623018641054
sigma_28:0.9285670242883451
sigma_29:-0.15681347689261144
sigma_30:1.4905325137522483
sigma_31:0.7674013830080905
sigma_32:0.4718737709018203
sigma_33:0.6864258461611273
sigma_34:1.2979973675183245
sigma_35:0.3754431217815759
sigma_36:-0.08924377388267396
sigma_37:3.13232902940183
sigma_38:0.6164700391291978
sigma_39:-1.2975253428196227
sigma_40:-0.16478648254851785
sigma_41:-1.482460954726422
sigma_42:-1.13465838885609
sigma_43:-0.5278790209014254
sigma_44:-1.4664384790300562
sigma_45:0.5325237654110739
sigma_46:-0.44091549175706574
sigma_47:0.08740110392255968
sigma_48:0.26368472152503786
sigma_49:-0.8920990920999732
sigma_50:-1.1856424817202835
sigma_51:-0.2095995315351071
sigma_52:1.1327869117360463
sigma_53:-2.6473199024410228
sigma_54:-1.1242003289344302
sigma_55:-0.6500448622778116
sigma_56:-0.2648023131645536
sigma_57:0.3362913216522148
sigma_58:-0.35998895759023497
sigma_59:-2.287576298395553
sigma_60:-0.062017581034147375
sigma_61:-1.365538517534692
sigma_62:0.6411927699405044
sigma_63:-1.4196461947478332
sigma_64:-0.7955486553895615
sigma_65:-2.1934230603229197
sigma_66:1.24393055412604
sigma_67:0.24959614296297258
sigma_68:0.17581085351432038
sigma_69:1.4172982055151535
sigma_70:2.1442605016728074
sigma_71:-1.5705437153125468
sigma_72:-0.413275569496937
sigma_73:0.3646886926823075
sigma_74:-0.14154078760473898
sigma_75:-0.9379846366071406
sigma_76:-0.10955503496598941
sigma_77:0.9183885365811522
sigma_78:0.8451831227486231
sigma_79:-0.8405581981079437
sigma_80:-1.0818998469055632
sigma_81:-2.6142507823248584
sigma_82:0.9248902047981279
sigma_83:-0.7562329747162473
sigma_84:1.0575965081616585
sigma_85:-0.5175079653553364
sigma_86:0.9739402173029702
sigma_87:-0.8128461865851777
sigma_88:-1.7656255154343485
sigma_89:0.29229169164592844
sigma_90:0.26842503229776643
sigma_91:-1.6188433187311815
sigma_92:1.3135344131815143
sigma_93:-0.46076723603271663
sigma_94:-0.21924584531020735
sigma_95:-0.5769669977827837
sigma_96:0.2684074750350611
sigma_97:-0.46159651159363196
sigma_98:-0.6388593527967544
sigma_99:-1.6888727272125572
