sigma_0:1.1319429425864926
sigma_1:2.7779166006491747
sigma_2:-0.6800942407447715
sigma_3:0.5684028457234848
sigma_4:-0.6527278381624437
sigma_5:0.37747276899434073
sigma_6:-1.4403913901931054
sigma_7:1.9559809811466242
sigma_8:1.196286518602391
sigma_9:0.006809973050396949
sigma_10:-0.6104350779627047
sigma_11:1.1614461259019326
sigma_12:-0.3292123150650206
sigma_13:0.4229230017574339
sigma_14:0.3374684340273077
sigma_15:-0.5599838057232164
sigma_16:1.274609874601639
sigma_17:0.47257961078973
sigma_18:1.3276077392734906
sigma_19:1.8597440522075597
sigma_20:0.43177085922535835
sigma_21:-0.26227208206297675
sigma_22:1.1188547378261722
sigma_23:-0.7359568057611284
sigma_24:0.1336051429771948
sigma_25:2.8621263889623
sigma_26:-0.27423889481288977
sigma_27:-1.1609143574269365
sigma_28:0.22303804580113704
sigma_29:-1.2975676247067085
sigma_30:0.7974469552143821
sigma_31:0.444110415197498
sigma_32:0.04670439812816635
sigma_33:-0.529747509724297
sigma_34:1.6295500023084488
sigma_35:-0.35014190853537425
sigma_36:1.7714684675409031
sigma_37:-0.22837183190232524
sigma_38:0.4018291771963367
sigma_39:1.1864497943010757
sigma_40:0.5277593430571575
sigma_41:-0.7917126997034197
sigma_42:-0.7410325380608911
sigma_43:0.36638521047537553
sigma_44:0.9647487833646408
sigma_45:0.05355313662434253
sigma_46:-0.50274624069098
sigma_47:1.2422042099384545
sigma_48:-1.7392223064960475
sigma_49:1.0674897903326153
sigma_50:-0.25000494813704377
sigma_51:-1.1903713820938568
sigma_52:-1.8765146275279394
sigma_53:0.615812174016816
sigma_54:0.4779688778763303
sigma_55:-0.5104669347196968
sigma_56:0.1578751416509923
sigma_57:0.7287738069126333
sigma_58:0.04653356049989947
sigma_59:-0.29023278145235293
sigma_60:-1.6308529705589345
sigma_61:0.2840710317582337
sigma_62:0.43404161318925083
sigma_63:0.10656629628919051
sigma_64:0.919679289145066
sigma_65:0.7373212630816065
sigma_66:-0.7587439631798194
sigma_67:0.7371662785971784
sigma_68:-0.2521264837996546
sigma_69:1.2189150246542308
sigma_70:-0.7330205168105651
sigma_71:-0.1856904677460366
sigma_72:1.6130613124928013
sigma_73:1.1583285147871678
sigma_74:1.4258499494816355
sigma_75:0.1171901002658061
sigma_76:0.266794317129987
sigma_77:-0.7810120294381037
sigma_78:0.01907597336554456
sigma_79:-1.6307739711083782
sigma_80:-2.3976504038626314
sigma_81:-0.2892833751814641
sigma_82:-1.4905667216174099
sigma_83:0.9688306462148293
sigma_84:1.2849286309554213
sigma_85:-0.5707193005070264
sigma_86:0.5606046121201952
sigma_87:-0.6250679617512945
sigma_88:-0.7977378497097556
sigma_89:0.910415581945654
sigma_90:-1.8461679673209968
sigma_91:0.3190233511906821
sigma_92:0.7237870985164582
sigma_93:-0.48124869699748174
sigma_94:1.143479565104048
sigma_95:-3.02014542015791
sigma_96:-1.2094774058224613
sigma_97:-0.5885909391938056
sigma_98:0.26457460338894634
sigma_99:-0.09720421785091173
