sigma_0:0.31980555347120726
sigma_1:1.0533481727953002
sigma_2:-0.24011505590180868
sigma_3:0.8326506589558296
sigma_4:0.12395857581738205
sigma_5:0.7177371788060144
sigma_6:1.5137130163459434
sigma_7:1.1819757001696094
sigma_8:0.26547879403082875
sigma_9:-0.4665616398201601
sigma_10:-0.6635755565531999
sigma_11:-0.1820926673163165
sigma_12:-1.1280837121921037
sigma_13:-1.1878572293704015
sigma_14:-0.5922177074845689
sigma_15:0.14112301077328746
sigma_16:-0.6504717084261973
sigma_17:1.2511945448088895
sigma_18:0.7355016344981625
sigma_19:-0.32936210089674267
sigma_20:0.34424175894985304
sigma_21:0.9262994537306874
sigma_22:1.102825692042611
sigma_23:-0.5667610241069961
sigma_24:-1.889995429059246
sigma_25:-0.9461600506671454
sigma_26:-0.372912432684339
sigma_27:0.09243347062399473
sigma_28:-1.2690345299710841
sigma_29:0.14550646497116546
sigma_30:0.2751045471380557
sigma_31:-0.06459901980369717
sigma_32:0.2061480164816303
sigma_33:-0.16524802745423467
sigma_34:0.7555336799245869
sigma_35:1.2095662756525964
sigma_36:0.8685435784422573
sigma_37:0.17779764678530796
sigma_38:-0.9631391261668911
sigma_39:0.04262318821336026
sigma_40:-0.07605755704490413
sigma_41:-0.23770729947867617
sigma_42:1.8445592610173884
sigma_43:0.6444476624625938
sigma_44:0.7517264943358206
sigma_45:0.2113972161985826
sigma_46:0.531781257717738
sigma_47:-0.20110988548915978
sigma_48:0.5559488158601611
sigma_49:1.2971252500348107
sigma_50:0.44463822561823707
sigma_51:-0.3111485593698528
sigma_52:-0.3275787361928308
sigma_53:1.8532795814497558
sigma_54:0.20330684674823293
sigma_55:0.5338291198701057
sigma_56:0.05891929929238012
sigma_57:-0.19704935657220468
sigma_58:-0.1807042493339727
sigma_59:-2.7872632318164983
sigma_60:-0.10076173259347315
sigma_61:1.3249956796839994
sigma_62:0.16109512159695166
sigma_63:-0.5252945111292271
sigma_64:1.435477371330564
sigma_65:-1.486069330842445
sigma_66:-0.05600271769872371
sigma_67:-0.49699351308958983
sigma_68:0.23259984080554424
sigma_69:-2.1468189609134556
sigma_70:-0.9262955070343273
sigma_71:0.3138382937591595
sigma_72:0.851444247308047
sigma_73:0.6385325386359102
sigma_74:0.980339971841879
sigma_75:0.5753081162537608
sigma_76:0.7583853562533829
sigma_77:1.5046928378387368
sigma_78:1.1703946850740328
sigma_79:0.5581971694994542
sigma_80:0.0444925647856158
sigma_81:-1.2457644174893758
sigma_82:0.08947763145171048
sigma_83:0.01757945131452852
sigma_84:0.43851486054924227
sigma_85:0.9985106215397527
sigma_86:-2.304271528216134
sigma_87:0.3970586035804513
sigma_88:0.019162638784774425
sigma_89:1.9303714821447924
sigma_90:0.5518888960912498
sigma_91:0.8437413449225893
sigma_92:0.0037459283558078033
sigma_93:1.0501398387912417
sigma_94:0.20773437984887208
sigma_95:2.422484989420174
sigma_96:0.12552024524245547
sigma_97:0.15641738901904428
sigma_98:-0.4603050039103655
sigma_99:-0.45365822015847534
