sigma_0:0.8070888133438351
sigma_1:-2.4965318486124315
sigma_2:1.7745399872029468
sigma_3:-0.7114001638854466
sigma_4:-1.1639182108754542
sigma_5:-2.8657474598209376
sigma_6:0.3140310477244501
sigma_7:0.10418065997485207
sigma_8:0.41942232308320787
sigma_9:-0.48939162736305536
sigma_10:-0.5119205376250069
sigma_11:-0.765958433026813
sigma_12:0.16238459683791392
sigma_13:0.6004096810954923
sigma_14:0.9720594231309607
sigma_15:0.006327646057023816
sigma_16:-0.12975084296696984
sigma_17:0.4246843802229154
sigma_18:-0.12040532160208312
sigma_19:-1.710277759195286
sigma_20:0.22641830888130268
sigma_21:0.39108936539190625
sigma_22:-0.2341102787866017
sigma_23:0.7727497725186624
sigma_24:-0.4926133425396994
sigma_25:1.0074845852781376
sigma_26:-0.033666792990217055
sigma_27:-0.5404363769625112
sigma_28:0.5081443289423339
sigma_29:0.26247162675962515
sigma_30:-2.900557565756729
sigma_31:0.9318853499485424
sigma_32:-1.3889396462775792
sigma_33:-2.1728616708527007
sigma_34:-0.9801126739145679
sigma_35:0.24759628069502537
sigma_36:0.5521352529074127
sigma_37:0.34603080595958274
sigma_38:-0.19987101027612975
sigma_39:1.2133492528187033
sigma_40:1.2099998767737163
sigma_41:0.5620815618831833
sigma_42:0.8375053409009879
sigma_43:1.3775348039806987
sigma_44:0.4862413060940486
sigma_45:-0.5105034374609361
sigma_46:-2.1367240944889816
sigma_47:-1.527087202287505
sigma_48:-1.0433364165046088
sigma_49:1.5547463869472118
sigma_50:1.0486070519587187
sigma_51:0.9212379762139931
sigma_52:0.2581564741277171
sigma_53:-0.9525740150277325
sigma_54:0.5915404010157153
sigma_55:-1.7630806103616645
sigma_56:-1.0315567328649076
sigma_57:-0.6114815480139661
sigma_58:-2.3725540711656152
sigma_59:1.461439280464016
sigma_60:0.022947924010984472
sigma_61:-0.7784460671898848
sigma_62:-0.6660051520354285
sigma_63:-0.18345931522507308
sigma_64:0.057228694954974985
sigma_65:1.307249408848811
sigma_66:-0.8152088539904683
sigma_67:-1.7027535667255171
sigma_68:-1.149333247934965
sigma_69:0.15506343012021023
sigma_70:1.682598228348339
sigma_71:-0.9189412983459511
sigma_72:-1.5272428132658036
sigma_73:-0.2964155093383725
sigma_74:0.7151071720564346
sigma_75:-1.2320974310609702
sigma_76:0.08921301557906551
sigma_77:-2.1600643330901765
sigma_78:-0.39471754375514545
sigma_79:-0.1360473561006454
sigma_80:-0.3663051832445713
sigma_81:-0.9356092936015662
sigma_82:1.202505451420463
sigma_83:-0.04285629461460371
sigma_84:0.42849363129805706
sigma_85:1.1621490964218884
sigma_86:-1.0382589949038126
sigma_87:-0.2882922868021584
sigma_88:-0.3252605545917
sigma_89:-0.9364519273546139
sigma_90:0.5741693884352426
sigma_91:0.9276035212614147
sigma_92:0.3386014375320289
sigma_93:1.0524135874152578
sigma_94:-0.47362988785595644
sigma_95:0.5908802385402403
sigma_96:0.03567034776973173
sigma_97:1.6220849945332962
sigma_98:-0.5489363332794597
sigma_99:-0.8611800377483232
