initial_step:0.6298291698281152
p_0:0.8156666841469691
p_1:-0.8451894921584548
p_2:0.7061287579486839
p_3:0.4616934933988457
p_4:0.05428626904285405
p_5:0.08585762349989867
p_6:0.6732776789348476
p_7:-0.3276590258285508
p_8:-0.840328767110633
p_9:0.15046371063875985
p_10:-0.07863553815747149
p_11:-0.620357328043317
p_12:0.5211834151931665
p_13:0.01655513339851966
p_14:-0.08471479284438099
p_15:0.5466301070560802
p_16:-0.13961432266285012
p_17:0.1458166059709649
p_18:-0.7651932994435728
p_19:0.9034961681484344
p_20:-0.9543808573751589
p_21:-0.3654535100573866
p_22:0.47384587987297566
p_23:-0.9351230086034477
p_24:-0.7238550839783124
p_25:-0.5466496610808795
p_26:0.9359957779802646
p_27:0.25302731284399393
p_28:0.13007255814230012
p_29:-0.8331309654921004
p_30:-0.547332078418469
p_31:0.9932182848710127
p_32:-0.9411474274548823
p_33:-0.35558039111241047
p_34:0.008320222942058919
p_35:0.6525368425358218
p_36:0.1870336828678747
p_37:0.5797833984447613
p_38:0.02266538000018814
p_39:0.017527922284708897
p_40:-0.6933531019035806
p_41:-0.8402599005671569
p_42:-0.3605824900722765
p_43:0.18911577207611163
p_44:0.6081773947319551
p_45:-0.04528943876731084
p_46:0.9142042871871918
p_47:0.6164693305793887
p_48:-0.9050054446445266
p_49:0.7608755787512733
p_50:-0.8846251285487792
p_51:0.279003552528462
p_52:0.9259199707520565
p_53:0.661283376472015
p_54:-0.2530310808233658
p_55:0.5807499141810404
p_56:-0.6234742392353265
p_57:0.1622235592083754
p_58:-0.7853706162095371
p_59:-0.03367044701169286
p_60:-0.5125813906548897
p_61:-0.4138380511313502
p_62:0.6880003645260191
p_63:0.7198749414894643
p_64:0.6511513817122312
p_65:-0.2903906702617527
p_66:-0.9766855958263227
p_67:0.8115253819773685
p_68:-0.7273309869611009
p_69:-0.21811110176225346
p_70:0.2298163334088057
p_71:0.3355659216425879
p_72:0.1754512599033886
p_73:0.028695734218515456
p_74:0.6176231769290934
p_75:0.6474188986896112
p_76:0.40185198059871063
p_77:0.4770975776086064
p_78:-0.1950957392001471
p_79:0.7061460183881603
p_80:0.16333404362470128
p_81:-0.8326149722732394
p_82:-0.8472445154105108
p_83:-0.34422647447511245
p_84:-0.9452758231571425
p_85:-0.5937732123981907
p_86:-0.8551093639461613
p_87:-0.9706098549886204
p_88:0.6081537749695967
p_89:-0.4006474973833174
p_90:-0.9838946944225184
p_91:0.6913555159803288
p_92:0.10834728604609523
p_93:-0.6965912235797753
p_94:0.07424802243217687
p_95:0.5079437935103053
p_96:0.6323219845127923
p_97:0.5058370941752324
p_98:0.11105534835620468
p_99:0.6635642519770839
p_100:-0.6809789755483522
