initial_step:0.33202728765375
p_0:-0.14116647046381536
p_1:-0.4104078427536293
p_2:0.272147422090842
p_3:-0.769847496903592
p_4:-0.41624505799539846
p_5:-0.5462710160921171
p_6:0.4719157138222454
p_7:-0.5889916101742168
p_8:-0.4376180186628118
p_9:-0.12997170502950217
p_10:-0.4257082053598309
p_11:0.11830183088220858
p_12:-0.12361220698330011
p_13:0.903601749263357
p_14:0.02921358758374848
p_15:-0.13379893055987702
p_16:-0.9732828444790649
p_17:0.7943071702007842
p_18:0.7344281819897125
p_19:0.139391915816254
p_20:-0.8092475196310187
p_21:-0.03102732710938838
p_22:-0.7764613151460227
p_23:-0.4188933798692114
p_24:-0.18053424712372723
p_25:-0.9659930304509683
p_26:-0.8102979064392923
p_27:0.4632795991068015
p_28:-0.8949201012186423
p_29:-0.5873637510543666
p_30:0.0017782786073854417
p_31:-0.8233844689888687
p_32:0.24527391748772454
p_33:0.9401000377105282
p_34:0.6863859524229052
p_35:0.6856395346478057
p_36:-0.17021163404111483
p_37:0.10077799847451852
p_38:-0.900518418120144
p_39:-0.004323798920774502
p_40:0.0150173240216398
p_41:-0.6988856641558625
p_42:0.8637109181084623
p_43:-0.5097206121240705
p_44:-0.49474820819173226
p_45:0.8396763762165234
p_46:-0.16111961543054232
p_47:-0.7465171012835974
p_48:0.43546528844867893
p_49:-0.37555882421941345
p_50:-0.21504306706478094
p_51:0.10019157326323569
p_52:0.23952812171797655
p_53:0.480626920651098
p_54:0.8891631930855932
p_55:-0.5518865090302107
p_56:-0.14317814784753224
p_57:-0.9163878246796076
p_58:0.30263153075651217
p_59:0.9358604509170483
p_60:-0.08005270780185403
p_61:0.5341823893344722
p_62:0.6054408172255819
p_63:-0.04682952759211201
p_64:-0.5097844220393812
p_65:0.3883321866800715
p_66:-0.14314600445616588
p_67:-0.10838316799259906
p_68:0.1400702797779505
p_69:-0.4719347998677563
p_70:0.6066407706746901
p_71:0.7036431514563191
p_72:0.7643758597358814
p_73:0.7124974444270396
p_74:0.29943168100320183
p_75:0.8119596584282867
p_76:0.16575732523025488
p_77:-0.28671647848021875
p_78:-0.5719915486647769
p_79:0.8717641413596355
p_80:-0.2613990779180051
p_81:0.15053543381807666
p_82:0.2486724629044883
p_83:-0.0493788652441125
p_84:-0.033810778348618786
p_85:-0.9461112628268411
p_86:-0.5495163919242607
p_87:0.6772893951697636
p_88:-0.7163351441865478
p_89:0.07957583416928471
p_90:-0.22152282818804747
p_91:0.5045187993020046
p_92:-0.1921736188719012
p_93:0.832460465429993
p_94:0.2284915847758564
p_95:0.9978495797893885
p_96:0.018131052035157413
p_97:-0.18232739392925734
p_98:-0.5970191310340536
p_99:0.2681414421830812
p_100:-0.10527886060626535
