initial_step:0.29203003459268473
p_0:-0.7759916508456606
p_1:-0.7049318509697182
p_2:-0.8429049126906407
p_3:0.45571900130746945
p_4:-0.1414424001934056
p_5:-0.5626202582673623
p_6:-0.7470135161296625
p_7:0.841538370565521
p_8:0.7633253322152886
p_9:-0.07899232356059804
p_10:-0.8114219370765661
p_11:0.387206852489939
p_12:-0.2940860016234239
p_13:0.4494805945075484
p_14:-0.5364944520635242
p_15:-0.7210136542060752
p_16:-0.011333909545425014
p_17:-0.07369221303133755
p_18:-0.4245347343422885
p_19:0.4447735505599557
p_20:0.8658835430053657
p_21:-0.4653951834953036
p_22:-0.3319942538804277
p_23:0.3402450070324723
p_24:0.021006481348231576
p_25:-0.5106581032529935
p_26:-0.5628933024003473
p_27:0.8022968194485609
p_28:0.862216040690059
p_29:-0.848328734415855
p_30:-0.602904640888414
p_31:-0.6765886774784016
p_32:-0.17296617356273103
p_33:0.10408573319723957
p_34:0.08147702914154564
p_35:-0.6635808275210315
p_36:0.8931733177924333
p_37:-0.8146011306694858
p_38:-0.825771360102515
p_39:-0.6967515834599698
p_40:-0.4648638548236992
p_41:0.08331356642702237
p_42:-0.9685515084243121
p_43:0.14701825760097575
p_44:0.28602669426592864
p_45:0.6943497002966503
p_46:-0.13412803051281452
p_47:0.6095693878587218
p_48:-0.5527650351582043
p_49:-0.5113891243070696
p_50:-0.9973472816670765
p_51:-0.03338135968495326
p_52:-0.3465272635744454
p_53:0.8066898264702222
p_54:-0.6927100506153376
p_55:-0.07928152667099142
p_56:-0.9795235479451863
p_57:-0.6102189639779727
p_58:0.1189392338948605
p_59:0.12069308508205512
p_60:-0.795240567721132
p_61:0.5359187231454348
p_62:0.8509701215481547
p_63:0.10144547067080767
p_64:-0.9722106271176107
p_65:0.9539230077340421
p_66:0.839060621282022
p_67:-0.3194991427469738
p_68:0.966260032298865
p_69:0.20842042263664085
p_70:-0.7164976036762123
p_71:0.047911576648633325
p_72:0.12872581348211787
p_73:-0.48463229405848574
p_74:-0.33302724631540737
p_75:0.6369899388241074
p_76:-0.40347510265173403
p_77:-0.7566634423454441
p_78:-0.34273060053016824
p_79:0.8664434925181845
p_80:0.5951745650681375
p_81:-0.7715559898042121
p_82:0.3504791523943209
p_83:-0.05671775444607685
p_84:0.45000846377744885
p_85:0.23982904590271792
p_86:0.6003089351056761
p_87:0.9729514132364143
p_88:-0.27886276966186174
p_89:-0.7714073819424672
p_90:-0.516020531732134
p_91:-0.3959178576322073
p_92:-0.11789253364022523
p_93:-0.7339703341348154
p_94:0.40242740786924847
p_95:-0.27680933635568894
p_96:-0.14049650587905727
p_97:0.8873063826891676
p_98:-0.4175183282718309
p_99:-0.6107534245998443
p_100:-0.6052493062012665
