initial_step:0.6872458489456702
p_0:-0.8802687300729253
p_1:-0.876598641434366
p_2:-0.22023774212924674
p_3:-0.1657521915492446
p_4:-0.10378533192761874
p_5:0.08755511091957824
p_6:-0.3786387964184048
p_7:0.3557092839891367
p_8:-0.9104038843146329
p_9:0.9142317323626379
p_10:-0.17507926775414928
p_11:-0.6866284775711096
p_12:0.019473295261541734
p_13:-0.9051024611341689
p_14:-0.3651369405207905
p_15:0.9340173095318611
p_16:0.9726359285970672
p_17:0.2370513406249719
p_18:-0.009651995805230129
p_19:-0.7484105342844862
p_20:-0.8339557614369788
p_21:0.8621646579883395
p_22:-0.574470780345754
p_23:-0.08506488737077911
p_24:-0.9763070320367355
p_25:0.3099369630232913
p_26:-0.9757638436816511
p_27:0.28470199051583944
p_28:-0.8742135900759882
p_29:-0.43635471233446155
p_30:-0.42171844551166804
p_31:-0.4267970073606817
p_32:-0.44532874996628036
p_33:0.14509253323427318
p_34:-0.48945957267519935
p_35:0.9318075037955809
p_36:-0.2887320344011155
p_37:0.05732442137082128
p_38:-0.7527442586357014
p_39:-0.09583040012706445
p_40:-0.42284255277196925
p_41:-0.5202766589334527
p_42:0.7559130493397466
p_43:-0.5435742913428743
p_44:-0.14517832358310012
p_45:0.03997356963975873
p_46:-0.5108781966163491
p_47:0.6691556623546489
p_48:0.379893081903661
p_49:0.17537849874695643
p_50:0.8413623088594613
p_51:-0.2132975487396611
p_52:0.6607272118148091
p_53:-0.10485631384985594
p_54:0.10419726058490819
p_55:-0.5499415869689517
p_56:0.7824383986453911
p_57:-0.9848182221357442
p_58:0.9775158570633833
p_59:0.8749889207839139
p_60:0.7072704223380888
p_61:0.5003961194382693
p_62:-0.9652826050056604
p_63:0.9890418244398631
p_64:-0.420993583236277
p_65:-0.5473903202702854
p_66:-0.21613174232301913
p_67:-0.864433006329099
p_68:0.6201090550346382
p_69:-0.9618373249845702
p_70:-0.08906714326934861
p_71:0.1647759141311418
p_72:-0.4965348895327857
p_73:-0.48138176793581766
p_74:0.9527481845866961
p_75:0.9934244922982467
p_76:0.08534565565088226
p_77:0.4685326186588632
p_78:-0.4013728196391795
p_79:0.031168320467976685
p_80:-0.79969462423782
p_81:-0.9975367864007787
p_82:-0.34520308122204324
p_83:-0.47605500161251313
p_84:0.02752702544615193
p_85:-0.813555559869962
p_86:0.7420641374120112
p_87:-0.6944950830771734
p_88:0.752827374417885
p_89:-0.2669454294886584
p_90:0.8547043939025762
p_91:-0.6126691451262789
p_92:-0.4547966888030437
p_93:-0.10572347738949128
p_94:0.6512056394291439
p_95:-0.8803737140490844
p_96:-0.0803894834263521
p_97:-0.10296072081305407
p_98:0.28428757704683716
p_99:0.2920674084494681
p_100:-0.17306855385888942
