initial_step:0.7479412559227628
p_0:-0.5336658933818166
p_1:0.457915349313224
p_2:0.1562200924035968
p_3:-0.9471348986543804
p_4:0.4717651012873001
p_5:-0.5625648519651745
p_6:0.8046751739829736
p_7:-0.24772573759937555
p_8:-0.11517936670902174
p_9:-0.28926091296174006
p_10:0.8843412340281394
p_11:0.18932404777356182
p_12:-0.6903948358462244
p_13:0.9088870559945488
p_14:-0.03130567947703833
p_15:0.16244192455737783
p_16:-0.5022677532697535
p_17:-0.8455214014063734
p_18:0.5824054987268534
p_19:0.7040541946299861
p_20:-0.5447175935388329
p_21:-0.25611635254910037
p_22:-0.2705769955792978
p_23:0.509406067924147
p_24:0.5729383156537822
p_25:0.8569751838464001
p_26:0.5569923479314449
p_27:-0.043194629696638565
p_28:-0.18841293481443433
p_29:-0.5630637336801843
p_30:0.5270324992260833
p_31:0.13387917681188255
p_32:0.01994234340522505
p_33:-0.3632826837818357
p_34:-0.5482351749759613
p_35:-0.9187660409386407
p_36:-0.11405916559025608
p_37:-0.9932889890409891
p_38:0.004685508331761179
p_39:-0.02600200248264195
p_40:-0.14715016002594195
p_41:0.7213305308718276
p_42:0.7649928476824845
p_43:-0.8493870733677209
p_44:-0.6058116899687818
p_45:0.5241252608337503
p_46:-0.49174131295076906
p_47:-0.5127320864082145
p_48:0.6136982231513914
p_49:0.9003396420956105
p_50:0.6429223896018259
p_51:-0.39069039427778285
p_52:-0.2566673687592267
p_53:0.42285819953836645
p_54:0.34864464972981235
p_55:-0.5818411105533725
p_56:0.906406553335984
p_57:0.7662722906851605
p_58:0.48657789938742635
p_59:-0.7860813369098041
p_60:0.17942045921140148
p_61:0.12049692867680006
p_62:-0.6015448344819037
p_63:-0.3829866205404129
p_64:0.759601885523361
p_65:0.01488969472884727
p_66:-0.12498693884572298
p_67:-0.6829512734051633
p_68:-0.6955640100589988
p_69:0.9424092371478001
p_70:-0.4698173401158774
p_71:0.0035578748530822324
p_72:-0.6840651575277084
p_73:-0.014368102109735714
p_74:-0.41758229500231203
p_75:0.186656722773491
p_76:-0.4389600050933886
p_77:-0.4803882937077213
p_78:-0.22947704095911337
p_79:0.9427341857188645
p_80:0.5999424764268357
p_81:-0.38922224991896104
p_82:-0.4178617904748587
p_83:-0.20697781908754354
p_84:-0.31896565177287073
p_85:-0.4704475695536998
p_86:-0.18900204580017554
p_87:0.9355020005288552
p_88:-0.7130323523398632
p_89:-0.4358362894315948
p_90:-0.3677430364993539
p_91:0.5497737933283755
p_92:-0.3997513381612734
p_93:-0.3571591461447148
p_94:0.9205562942504693
p_95:0.5487825038638277
p_96:-0.2806288855242962
p_97:-0.024446103875603198
p_98:0.8341615310000434
p_99:0.09140619733283994
p_100:0.5845751550227227
