initial_step:0.7915320202126448
p_0:-0.7817755720613044
p_1:-0.2960237127202674
p_2:-0.11942236969018571
p_3:-0.374494323313332
p_4:-0.5892670395603521
p_5:-0.4769195338351908
p_6:-0.8510887727067742
p_7:0.6262858048925886
p_8:0.2127607760096233
p_9:0.687215204219106
p_10:0.8134015427358072
p_11:-0.4189878680705581
p_12:-0.6830964127993246
p_13:0.8204704655105786
p_14:-0.4471517035160504
p_15:0.7980846761563873
p_16:0.8863884227298426
p_17:-0.8855520678098883
p_18:0.2694025576004613
p_19:-0.7634310891787994
p_20:-0.9124279320870923
p_21:0.8503699104391846
p_22:-0.025778778368993338
p_23:-0.020286196822570934
p_24:0.3900201419714935
p_25:-0.9851988686638733
p_26:0.6212489424206822
p_27:-0.9045257187214655
p_28:0.7093717909571187
p_29:-0.32292662999043276
p_30:0.9748911064029839
p_31:-0.7698368293518507
p_32:-0.9379233024250557
p_33:0.7540398261628132
p_34:-0.923477463409673
p_35:-0.5289147529660714
p_36:-0.08921456177466935
p_37:0.8478390909937279
p_38:-0.5402384814902217
p_39:-0.4148396386207225
p_40:-0.8502861112862588
p_41:-0.71361701691471
p_42:0.7388765763981324
p_43:0.3953737244956945
p_44:0.034874268398793484
p_45:0.7109967927683218
p_46:-0.8202516327407776
p_47:0.6930316497911531
p_48:-0.21324229593933364
p_49:0.45465692427240634
p_50:0.8126759709536902
p_51:-0.21838671370502083
p_52:0.8472557237358058
p_53:-0.32761593073846584
p_54:-0.451065608929732
p_55:0.09947038389128071
p_56:-0.979797612604123
p_57:-0.9848919800885085
p_58:-0.3874853378831429
p_59:-0.9777980817011247
p_60:0.12522437345345794
p_61:-0.1373529140026888
p_62:0.187748419853492
p_63:0.7453486594192638
p_64:-0.27153268417284604
p_65:-0.61510037992518
p_66:-0.004721075386499463
p_67:0.7288037864527535
p_68:0.9182110490262276
p_69:0.8049472175129784
p_70:0.9194768386876058
p_71:-0.43255723556364667
p_72:0.8775464972427995
p_73:-0.2440146329684676
p_74:0.7784814073394597
p_75:-0.79890255662924
p_76:0.37661747886057917
p_77:0.5606582981687049
p_78:-0.23122657724477214
p_79:0.6134846982851281
p_80:-0.0970821829464219
p_81:-0.570814539128663
p_82:-0.313735711945754
p_83:0.16117179646224233
p_84:0.9427325748273891
p_85:0.570650270661528
p_86:-0.26995006113228315
p_87:0.6482146569743803
p_88:0.15670104713301813
p_89:0.36854033134790143
p_90:0.29732318020339354
p_91:0.6852209697975638
p_92:0.6475622244394059
p_93:-0.18481972020267645
p_94:-0.07143084422497759
p_95:0.5220362944606329
p_96:0.07330535453204501
p_97:0.2906881279582083
p_98:-0.9896591310292633
p_99:-0.6174863336414516
p_100:0.5653750108222626
