initial_step:0.3112754754522691
p_0:0.7872479475378458
p_1:-0.013525486397600206
p_2:-0.4733157204186076
p_3:0.4175084015059518
p_4:-0.5450277603357401
p_5:-0.5378707740698834
p_6:-0.9795076329770644
p_7:0.8675954866115507
p_8:-0.3190736091379176
p_9:0.25223620983002903
p_10:-0.5235002564832141
p_11:-0.4030861801662782
p_12:-0.36790603278041023
p_13:0.5081767713539169
p_14:-0.45908615313972545
p_15:-0.11522050600184763
p_16:-0.9720367983745493
p_17:0.40898648266915827
p_18:-0.9758561768702492
p_19:0.03517371726163332
p_20:-0.02256902725757448
p_21:0.6248914482655317
p_22:-0.8713343614205515
p_23:-0.17649949747741878
p_24:-0.038496704635794465
p_25:0.6561742316827801
p_26:-0.7934822490011666
p_27:-0.06865964079341436
p_28:-0.3243619048696491
p_29:-0.7427907221126095
p_30:-0.005700911497592331
p_31:-0.8938773209897943
p_32:-0.7527814012105969
p_33:-0.9020754032714746
p_34:0.2862811132854839
p_35:-0.06738297484754963
p_36:-0.30315338919189583
p_37:-0.23134804344751592
p_38:-0.04157109259969349
p_39:0.9923109080256654
p_40:-0.5330582811455153
p_41:0.6896391100786199
p_42:0.9879425830287687
p_43:0.24656752162405793
p_44:0.4966542328383161
p_45:-0.6720461635511179
p_46:-0.7961836618105065
p_47:0.21006246831432618
p_48:0.04841619878830916
p_49:-0.9720042226942867
p_50:0.12004242812301369
p_51:-0.27914955260612917
p_52:0.11377153737549439
p_53:0.8846589918634182
p_54:0.9396432131484846
p_55:0.8985963148580045
p_56:-0.9434922897878066
p_57:0.6658260219820229
p_58:0.5556618669557591
p_59:0.3908279245841244
p_60:-0.11502797119507968
p_61:-0.14742020745876627
p_62:0.7539461014071538
p_63:-0.42906643440515646
p_64:-0.5119035821137008
p_65:0.7343919891342419
p_66:0.20148339179289865
p_67:-0.10446858347202537
p_68:-0.2768597033845537
p_69:-0.7819937366549405
p_70:-0.876899205668952
p_71:-0.8884105191249414
p_72:0.6718138088874006
p_73:0.4488100510621167
p_74:0.628222253843773
p_75:0.6475292041287322
p_76:0.6293424383509145
p_77:-0.3171358006204268
p_78:0.17435219649672962
p_79:0.551313493508995
p_80:-0.4146129357460999
p_81:-0.573270583586966
p_82:-0.40192981410292417
p_83:0.48878657157726035
p_84:0.08049059035568584
p_85:-0.43892453963936506
p_86:0.5462981412351282
p_87:0.03865890713135056
p_88:-0.517086284440232
p_89:-0.9822289853776487
p_90:-0.2164802627685345
p_91:-0.39892099631737166
p_92:0.8757705401085765
p_93:0.011013496636973041
p_94:0.6169700586570495
p_95:-0.4195662808519389
p_96:0.6978225084510012
p_97:0.7005078200704797
p_98:-0.9856244720250324
p_99:-0.8210362902436248
p_100:-0.34085830693101915
