initial_step:0.16794611766263567
p_0:-0.11957164639466478
p_1:0.6394019999037979
p_2:-0.6976194143594023
p_3:-0.9283630628984181
p_4:-0.3459426636502603
p_5:0.18209604657478562
p_6:0.23324542493077405
p_7:0.1448903015580929
p_8:-0.32862477062050877
p_9:0.2864160505495781
p_10:-0.2800315816642678
p_11:0.1602491635251566
p_12:-0.5894451047759017
p_13:-0.840968096314108
p_14:0.8930034023037974
p_15:0.19149652087519464
p_16:-0.7844729180573988
p_17:0.3708771641423456
p_18:-0.9747795508290007
p_19:-0.8515963839342504
p_20:-0.4709177265791793
p_21:-0.17407334387781304
p_22:0.20154320354825495
p_23:0.022107123285359798
p_24:-0.12313394214111084
p_25:0.2779710597593885
p_26:-0.6765090321405507
p_27:0.17689979196822825
p_28:-0.6827036026180857
p_29:-0.8374721452069069
p_30:-0.3758984012182425
p_31:0.5828332768392603
p_32:-0.7221342415764267
p_33:0.29168878545179555
p_34:0.743453353211502
p_35:-0.8622131559026731
p_36:-0.6069427626743771
p_37:0.0783512411879137
p_38:-0.01816738164990017
p_39:-0.7975002699626861
p_40:0.4201614723035636
p_41:0.6609900034538174
p_42:-0.8469676906149322
p_43:0.437836932603169
p_44:0.902163403564143
p_45:0.5429351441284689
p_46:0.3476094611012799
p_47:0.958256970923832
p_48:0.687175363664366
p_49:0.794779470536938
p_50:0.6605856094006661
p_51:0.9165415212785635
p_52:0.1660696591792774
p_53:0.648162904484602
p_54:0.9008634085671543
p_55:0.8636700172136182
p_56:0.09553832920471184
p_57:0.0095402267700897
p_58:0.4254064587782391
p_59:0.5006889037603635
p_60:-0.3521117013985795
p_61:-0.8575572787149799
p_62:0.24904016066404644
p_63:0.11478924743287333
p_64:0.8607341956236179
p_65:0.9965853210622331
p_66:-0.4596763073870389
p_67:-0.5153194017664018
p_68:-0.5017185979894698
p_69:0.9053234564546
p_70:0.7796606898130782
p_71:-0.20587161547293342
p_72:0.6667322334110608
p_73:-0.7421825996121032
p_74:-0.562996884914394
p_75:-0.9812590298702273
p_76:-0.7098718330255815
p_77:-0.3826690431406883
p_78:0.38782068508004297
p_79:-0.7844281793688201
p_80:-0.35338615337562596
p_81:-0.014733619470585158
p_82:-0.7810246837535739
p_83:-0.8904471725517156
p_84:-0.516981733010057
p_85:0.22489331815961333
p_86:-0.42421076039317374
p_87:0.4979953076383974
p_88:-0.003448373789482373
p_89:0.6304685694562566
p_90:0.012404802619667032
p_91:-0.6291856924074752
p_92:0.9923344730937893
p_93:-0.7780265383974592
p_94:-0.3353613394670818
p_95:-0.8548458614555428
p_96:0.34178430763191314
p_97:-0.45844529210088414
p_98:-0.33110407088552907
p_99:0.7034791035103696
p_100:-0.22903226744894534
