initial_step:0.5605359596390956
p_0:0.033253489454765583
p_1:0.2247604065488038
p_2:0.2882719156592901
p_3:-0.7309586758253346
p_4:-0.5147805714527258
p_5:0.7856018890033791
p_6:0.26114422948264737
p_7:0.7115809278654561
p_8:-0.9431107525756657
p_9:-0.23901923871694497
p_10:0.9015288357843463
p_11:0.8623015713910591
p_12:-0.8987681469251507
p_13:0.09614869541078375
p_14:0.26804331249652935
p_15:0.9102403814400382
p_16:-0.4087939975626951
p_17:-0.4515196006073383
p_18:0.2522045385050573
p_19:-0.4585200055940557
p_20:0.7846135471160749
p_21:-0.20717839301695773
p_22:0.7446768859185204
p_23:-0.7532919408540129
p_24:0.7692817921662698
p_25:0.08979809216426715
p_26:-0.39721486830004515
p_27:0.13584410575162065
p_28:0.26892968235532155
p_29:-0.06726547111754089
p_30:0.8832933874981013
p_31:-0.7732078649156122
p_32:0.9944207777649436
p_33:0.7836537220053659
p_34:0.24522770830056184
p_35:-0.11467852260923683
p_36:-0.5269475740604077
p_37:-0.05490401384114274
p_38:0.18195317292233404
p_39:-0.009160624661661565
p_40:-0.1557499115289096
p_41:0.5506295630095752
p_42:0.6144593182695022
p_43:-0.2561735690276372
p_44:0.21608213821384648
p_45:-0.8062705505670835
p_46:-0.6486220582229594
p_47:0.7571800299346216
p_48:0.5987648999616917
p_49:-0.07691158235652562
p_50:0.1251520567001203
p_51:-0.6812579811612998
p_52:0.26313052270945114
p_53:-0.552386289552597
p_54:0.8285233643240026
p_55:-0.22251682284262708
p_56:-0.12567235181601033
p_57:0.7572104067319787
p_58:-0.23597208654230117
p_59:-0.2367097412365522
p_60:0.04204017564198281
p_61:-0.7066918998249261
p_62:-0.41574333535579755
p_63:-0.22872969407611876
p_64:0.5185549150636481
p_65:0.29456526987994947
p_66:0.1141141797277665
p_67:0.3814219322692054
p_68:0.34902025748240595
p_69:-0.8882019394057021
p_70:-0.17304009561319056
p_71:-0.35682318427079873
p_72:0.4377889254582161
p_73:-0.22206632150683037
p_74:0.3874247286562069
p_75:-0.6239428181952686
p_76:0.6311295050128276
p_77:-0.29071217074764966
p_78:0.6725565667561513
p_79:-0.7277790728889346
p_80:-0.4404858236778415
p_81:0.5402363036827795
p_82:-0.9562544941521194
p_83:0.3523574652573114
p_84:-0.5077567440619839
p_85:0.9888440969414307
p_86:0.5739479108094288
p_87:-0.023299963857378314
p_88:-0.6261026065618152
p_89:0.30617636818292904
p_90:-0.2413263107166015
p_91:-0.3183592865935081
p_92:-0.10576691132709382
p_93:0.5862150168449738
p_94:0.9516380754623806
p_95:-0.7079613228063815
p_96:-0.9755791905209943
p_97:0.7254805643818911
p_98:0.6557228099309584
p_99:-0.23079473112997517
p_100:0.5044919718447378
