initial_step:0.8701935652555962
p_0:0.49160788557054236
p_1:-0.08786965826156168
p_2:0.3271415758757219
p_3:0.3907529925204276
p_4:0.8781839319477391
p_5:0.897482859080001
p_6:-0.5533277774957914
p_7:-0.5580039047430974
p_8:-0.2992159340561542
p_9:0.45621889742080146
p_10:0.44171843814512934
p_11:0.6149997318198039
p_12:-0.1794135169694442
p_13:-0.7268922835209266
p_14:0.39922419405310916
p_15:-0.658495064453346
p_16:0.7778038598260484
p_17:0.9067125149343678
p_18:0.1695183093991317
p_19:0.36128473330681876
p_20:-0.507991784505262
p_21:-0.25785462764810996
p_22:0.8887601500403688
p_23:0.6484539302822081
p_24:0.8761240787396627
p_25:-0.3908436604641228
p_26:0.30496907760147685
p_27:-0.5753381223441074
p_28:0.5565295142432825
p_29:0.6556231144521936
p_30:-0.8384090009474217
p_31:-0.17178499927822033
p_32:-0.45755648700616125
p_33:0.36715189131201353
p_34:0.7898647744269018
p_35:0.023598970229542715
p_36:0.20792131011307413
p_37:-0.5443103594918182
p_38:0.5170699729783854
p_39:0.11341308057783572
p_40:0.14991155096895836
p_41:0.6546623596675312
p_42:0.3503083750228284
p_43:-0.7838817200233563
p_44:-0.5544059019850016
p_45:0.710088522271467
p_46:-0.6752447985738148
p_47:0.04195426436576599
p_48:-0.5011513145133641
p_49:0.5759045136025083
p_50:0.6799288103002161
p_51:0.015719390394204558
p_52:0.6907949972630947
p_53:-0.06807613184536576
p_54:-0.5801837043866582
p_55:-0.44294085340042555
p_56:-0.7340453936870666
p_57:0.6671152641553075
p_58:-0.154772038891843
p_59:-0.19644836675157284
p_60:-0.16218853178540504
p_61:-0.7167547568580719
p_62:0.9143592258223281
p_63:0.8623783361332269
p_64:0.6057847161102046
p_65:-0.35894471417196994
p_66:0.5114997743563459
p_67:0.2871758043303927
p_68:-0.5302879711552435
p_69:0.7831101043648836
p_70:-0.5495538466332435
p_71:-0.2453835715820274
p_72:-0.6238637942393688
p_73:-0.10951684469928691
p_74:-0.9441113350063779
p_75:0.9947393520775629
p_76:-0.5148679795993198
p_77:-0.14768488155083337
p_78:0.3405510810943184
p_79:0.20560872151530218
p_80:0.6949520033197616
p_81:0.23544392003923087
p_82:-0.00839914112361062
p_83:0.06433516792201477
p_84:0.36857796596032877
p_85:0.5911336846708082
p_86:-0.6190296681273966
p_87:-0.11905187531656347
p_88:0.30501390272489104
p_89:0.10144474663495395
p_90:0.6816022584207833
p_91:-0.33543765641291134
p_92:-0.8223210516337018
p_93:-0.24469886064320434
p_94:-0.17265859852431076
p_95:0.8236699117776731
p_96:0.7243156175525638
p_97:0.2348920676891364
p_98:-0.3072324104143671
p_99:0.9200020792315506
p_100:0.7071580806979403
