initial_step:0.703833938200422
p_0:0.4311515080393007
p_1:-0.6690492506952961
p_2:0.5322045996620992
p_3:0.15133216957469497
p_4:-0.6188043153010041
p_5:0.9263858441045996
p_6:0.6931095603658501
p_7:0.5872910909655045
p_8:-0.2962440822210368
p_9:0.47363490983338585
p_10:-0.11081839359818169
p_11:-0.5410089306909971
p_12:0.23836837477125639
p_13:0.18229819167229588
p_14:-0.5994969104412267
p_15:-0.1045745025386482
p_16:-0.2526067859006691
p_17:-0.7254808582936227
p_18:-0.45069036136886376
p_19:0.4501166232627516
p_20:-0.24506970009307216
p_21:0.9074168188996987
p_22:0.28256746771269814
p_23:-0.12756071301789174
p_24:-0.7738823141640088
p_25:0.9674237101196896
p_26:0.5508886485218574
p_27:-0.8702916409883836
p_28:-0.9144255597100377
p_29:0.983379843086889
p_30:0.36317687495585815
p_31:-0.7326568268320084
p_32:-0.7008408001951416
p_33:0.028131072708075466
p_34:0.9406688149071969
p_35:0.7910744443119371
p_36:0.6084742998113299
p_37:0.16344996887437402
p_38:0.08909736701766469
p_39:0.6194329735518262
p_40:0.6616022961467347
p_41:0.25024401456306045
p_42:-0.9622422565167221
p_43:0.5613407164796262
p_44:-0.31095247795017444
p_45:0.855621649645435
p_46:0.19171866365269197
p_47:0.7988249575087956
p_48:-0.4720521669408644
p_49:-0.36580884692338556
p_50:0.7803285042949488
p_51:0.4239599200993298
p_52:-0.6882034696919925
p_53:-0.46161679518251697
p_54:0.09569918980330261
p_55:-0.8359132656309642
p_56:-0.2884016120337023
p_57:0.20065974948443643
p_58:0.6494558955916332
p_59:0.6330272613738779
p_60:0.4485552551432612
p_61:0.4880583426997456
p_62:-0.6312317765090767
p_63:-0.7124964117067987
p_64:0.5304277660919978
p_65:0.5042901639732622
p_66:-0.5916623992396162
p_67:0.10862351473337761
p_68:0.8445732256985536
p_69:0.7597216173181442
p_70:-0.44590483009964554
p_71:0.9074788242546452
p_72:-0.7760305409692179
p_73:0.534468418554326
p_74:-0.302183363793894
p_75:0.013282759652841758
p_76:-0.22326701054968168
p_77:0.7335483414490132
p_78:-0.7034507028338997
p_79:0.9918367911361878
p_80:0.29635326421059593
p_81:0.033113855037635975
p_82:0.47081438895586225
p_83:-0.4926950660766287
p_84:0.9987552552822263
p_85:-0.3303231427180684
p_86:0.4794191902323106
p_87:-0.1347634124967685
p_88:-0.03342040163532234
p_89:0.25563084089905885
p_90:-0.46811395925878085
p_91:-0.970878466374897
p_92:0.5303579924850805
p_93:-0.15336399880717977
p_94:0.45102451103347785
p_95:-0.239694914510707
p_96:-0.09263350610872267
p_97:0.4754051709605409
p_98:-0.3879737983847982
p_99:0.5563948386635089
p_100:-0.5930175536701598
