initial_step:0.8776879944825136
p_0:-0.46957900800655317
p_1:0.13317040113542955
p_2:0.16317096849089707
p_3:-0.5086830791218808
p_4:-0.005075048353177847
p_5:-0.8542148663710174
p_6:-0.6699456633827283
p_7:0.4396733058328526
p_8:-0.8704815112480602
p_9:-0.5016933556333951
p_10:0.8688316340789883
p_11:0.0735380297092707
p_12:0.3211030846307925
p_13:-0.4365668540954475
p_14:0.46348401018368746
p_15:-0.530235428551384
p_16:-0.6141327990407195
p_17:-0.6507643792207316
p_18:0.12391029431533429
p_19:-0.7750853697861237
p_20:-0.8120517777789191
p_21:0.5345323740407448
p_22:0.853540651456707
p_23:0.1325389803003254
p_24:0.739583958574382
p_25:0.27427302061727876
p_26:0.40301133809148904
p_27:-0.6897447623104542
p_28:0.9674019894688732
p_29:0.024017447464834474
p_30:0.5074965300189556
p_31:-0.43807359637645416
p_32:-0.8512849267774008
p_33:0.7304442697642937
p_34:0.7304116273067423
p_35:-0.24719513004948368
p_36:-0.5512675305446337
p_37:-0.9863661784867437
p_38:0.5282110730167509
p_39:-0.30699509762617483
p_40:-0.4923247050987143
p_41:0.7272086527616726
p_42:0.23037568450944623
p_43:0.39053530588464125
p_44:0.08915728739712092
p_45:0.07663504872320348
p_46:0.37120173901928655
p_47:0.6142330314944735
p_48:-0.7185141782194069
p_49:0.031914053779230844
p_50:-0.6366019563845251
p_51:0.35630227386112057
p_52:-0.9573640729057435
p_53:-0.633844021318601
p_54:0.899192874669166
p_55:-0.9326272922474867
p_56:0.49012291744606484
p_57:0.18265334805112587
p_58:-0.15619323753932957
p_59:-0.1290199844523594
p_60:-0.7375315512880976
p_61:-0.9697794848472077
p_62:-0.6072493898742379
p_63:0.6749113027046227
p_64:0.4241189750484169
p_65:-0.36731185993082804
p_66:0.929454278341985
p_67:-0.862310050100066
p_68:-0.022530330617597016
p_69:-0.5502258284001089
p_70:0.5831556904330923
p_71:0.8361746161219359
p_72:0.3827628122290492
p_73:-0.5708650031421869
p_74:0.7972914997024987
p_75:0.8135424250062575
p_76:-0.4056371896131705
p_77:-0.004017016702633214
p_78:-0.6080962699056773
p_79:-0.4847541881103359
p_80:-0.6661094782491337
p_81:-0.6652204914114743
p_82:-0.9294012707284036
p_83:-0.2616729684446435
p_84:0.11230374965790113
p_85:0.545331837397786
p_86:-0.27372594506506154
p_87:0.55163890636142
p_88:0.9984259437098957
p_89:-0.9229281123394415
p_90:-0.9364513036291622
p_91:0.9734074102875225
p_92:0.9409492042141867
p_93:-0.6672193711841921
p_94:-0.08153000628012386
p_95:-0.42650307549757827
p_96:-0.6438219130111582
p_97:0.746993361244557
p_98:0.2676873049884516
p_99:0.22378801516148816
p_100:-0.12107321556457062
