initial_step:0.6264907640662344
p_0:0.5570028100756725
p_1:-0.5837143110548177
p_2:0.5641510408536416
p_3:0.39866878216462154
p_4:0.3880908137212171
p_5:-0.20199260430668708
p_6:-0.47761117401152586
p_7:-0.4688566264857694
p_8:-0.9511819642257453
p_9:-0.07010849578708411
p_10:0.5379864184876169
p_11:0.16917175890254632
p_12:0.7085449220658713
p_13:-0.48952874291388837
p_14:0.482043567436802
p_15:-0.3638447267578093
p_16:0.857731264742376
p_17:0.2441577247504858
p_18:0.2541189767825289
p_19:0.6763494168676643
p_20:0.2884251168235097
p_21:0.5358593969269194
p_22:-0.7066561125923909
p_23:-0.6570576756658126
p_24:0.48888796280037905
p_25:-0.3927647920892423
p_26:0.06840848637557095
p_27:0.007962268784330151
p_28:-0.985957633385095
p_29:-0.46415708739400596
p_30:0.13701424352780744
p_31:0.5750347331551291
p_32:-0.769491502433437
p_33:-0.0729238234853764
p_34:-0.4950068150039648
p_35:0.11362911697543754
p_36:0.6858401950368604
p_37:-0.01794627426410389
p_38:-0.5181179338015882
p_39:-0.7362416940304513
p_40:-0.18546631692762472
p_41:0.7746266524574541
p_42:0.36744274402692656
p_43:0.5141240108527059
p_44:0.36331107369946025
p_45:0.7802124961814567
p_46:0.6759486702214004
p_47:0.6448689969461014
p_48:0.7605555631199812
p_49:-0.21787639255649038
p_50:-0.24165654154086402
p_51:0.18744016531024776
p_52:0.061290856202395494
p_53:-0.5043926938053582
p_54:-0.3849212559361883
p_55:-0.5158315138923113
p_56:0.6239550605668402
p_57:0.2513706347262217
p_58:-0.010247041391650669
p_59:0.5583281964895301
p_60:0.9438928140068377
p_61:0.2940237633206968
p_62:-0.4781544195545082
p_63:-0.06722568958006891
p_64:-0.4192674128990086
p_65:0.2969218218607115
p_66:-0.33272113645554535
p_67:-0.6676882221700715
p_68:-0.32966394591017556
p_69:0.41675175337292236
p_70:0.05268709351929157
p_71:-0.4317760063213496
p_72:0.19864546557920693
p_73:0.30504681453581206
p_74:0.291899445327662
p_75:-0.3878484607969035
p_76:0.6108281977816983
p_77:-0.00048062434748685767
p_78:0.5353858961677516
p_79:0.6796502184746773
p_80:-0.3758501631259694
p_81:-0.3757513417933913
p_82:0.7868409246130568
p_83:0.6810525547749793
p_84:0.12992770327835546
p_85:0.09331992738733996
p_86:-0.044314822920245245
p_87:-0.9282239105535874
p_88:0.19743616043407175
p_89:-0.9247940585468426
p_90:-0.6047751754074535
p_91:0.8057643192320982
p_92:-0.848871323682888
p_93:0.13134534506598272
p_94:-0.8840449284109362
p_95:0.8767313007044379
p_96:0.10734135929989552
p_97:-0.9891996316478133
p_98:0.5290783996153368
p_99:-0.7014661011460812
p_100:-0.6910323933144085
