initial_step:0.8088433799758573
p_0:-0.5584162992699702
p_1:0.4230380015146593
p_2:-0.8247327481771356
p_3:-0.8867657211217168
p_4:-0.783042206087819
p_5:0.08833240917158847
p_6:-0.6541317952063561
p_7:0.03154846073922579
p_8:-0.4079811104250941
p_9:0.5287350729745304
p_10:0.18644112471478036
p_11:-0.2559672563355686
p_12:-0.13063916597510605
p_13:-0.06430250104808555
p_14:-0.3021482907205484
p_15:-0.5690336691433024
p_16:0.993120677893292
p_17:0.6609118379705379
p_18:0.01851998888796924
p_19:-0.92226803759183
p_20:0.5031022466723571
p_21:-0.3430853208497582
p_22:-0.14799492978435436
p_23:0.5818816280363499
p_24:0.9028323397398479
p_25:-0.4604856458026485
p_26:0.1361592925126378
p_27:-0.4209129380511225
p_28:-0.07680998419880924
p_29:0.5269758884557911
p_30:-0.7186070869760257
p_31:0.7563609354994192
p_32:-0.09607395505080851
p_33:-0.8205795338451294
p_34:0.12996499104629589
p_35:-0.31984652812169756
p_36:-0.17378028637181564
p_37:0.46591067680443166
p_38:0.08376254437195074
p_39:0.04912565344461961
p_40:-0.041557538017265694
p_41:0.0768844455408344
p_42:-0.6434314551429086
p_43:-0.7611790716448132
p_44:-0.12433044918489555
p_45:-0.0671723540573359
p_46:0.03637653874298352
p_47:0.3785037976439549
p_48:0.07292829268796863
p_49:0.471218226397105
p_50:0.014432132430159061
p_51:0.15680596922650047
p_52:0.010676659960146662
p_53:-0.9399067377938575
p_54:0.7619374544512079
p_55:-0.2216496174609448
p_56:-0.9930548201450868
p_57:-0.5326425529781151
p_58:0.8959756342949481
p_59:-0.7290812547582668
p_60:-0.2703136312749961
p_61:0.8773792442749822
p_62:0.8031204490835726
p_63:0.6499989387748475
p_64:-0.2001687088919697
p_65:0.9172505535208877
p_66:-0.507090839699895
p_67:-0.3648752187018969
p_68:-0.3359183589873631
p_69:0.6139308564059669
p_70:0.07335010090790117
p_71:0.302743109334354
p_72:0.31995791648550487
p_73:-0.9888692410950684
p_74:-0.5279044029790942
p_75:-0.6214203581485103
p_76:0.6650694911015871
p_77:0.06770164572038895
p_78:-0.4935001940777144
p_79:0.16662641097078246
p_80:-0.3144803980823687
p_81:-0.3107242435562645
p_82:-0.895071127428857
p_83:-0.7237916476616828
p_84:0.6662025297285619
p_85:0.4547346826385179
p_86:0.5704553673285311
p_87:-0.46345903369060126
p_88:0.8043771529395247
p_89:0.9054242181187044
p_90:-0.9475687429366859
p_91:0.969027294090181
p_92:-0.883100241798165
p_93:-0.2786471933083454
p_94:0.5748624990824618
p_95:-0.5416091392820859
p_96:0.5579614244783992
p_97:0.7803918503685994
p_98:-0.05560896514638425
p_99:-0.9390707419948379
p_100:-0.6553219438274565
