initial_step:0.25785191391113194
p_0:0.4159762783390315
p_1:0.08375910951999832
p_2:0.8139888961936501
p_3:0.8883666836191069
p_4:0.13535587228555102
p_5:-0.8951612660295749
p_6:-0.12485193938579053
p_7:-0.31682707750333594
p_8:0.2687007588727024
p_9:0.7298441978675745
p_10:-0.48603258497769675
p_11:-0.4081688920732911
p_12:-0.5311342211983261
p_13:-0.9660920889680251
p_14:0.1074178699114805
p_15:0.14059045150990368
p_16:0.7837888374044777
p_17:-0.2812174109251244
p_18:-0.1679033017244731
p_19:-0.8214064366997251
p_20:0.6991889641438072
p_21:-0.8170133890072988
p_22:-0.1820494583688672
p_23:-0.8578280843592556
p_24:0.21530983782260882
p_25:0.7462134909592966
p_26:0.4877663412199704
p_27:0.004611982528168745
p_28:-0.0873303248241053
p_29:0.2112541736417437
p_30:-0.41668151370792805
p_31:0.15437401927545147
p_32:0.41113954659969076
p_33:-0.8908107099634655
p_34:-0.012751332181823338
p_35:0.5150387729250585
p_36:0.6603086687617707
p_37:-0.8176655049688106
p_38:0.07674266613298508
p_39:-0.6142176687531107
p_40:-0.9259956340186566
p_41:-0.5432525813807714
p_42:-0.14233361735441563
p_43:0.1959743987317517
p_44:0.4004506280288085
p_45:0.1253855685698151
p_46:-0.27930868970352196
p_47:-0.1936385673417591
p_48:-0.22906660455507022
p_49:0.7875646045178484
p_50:0.24543395268947577
p_51:-0.13789342483979583
p_52:0.7594736449601642
p_53:-0.5663134062908828
p_54:-0.43876584182518874
p_55:0.10675755792329245
p_56:0.39759427103437806
p_57:0.33604044279953693
p_58:-0.6276078548634818
p_59:-0.5872451208467793
p_60:0.12335924323878378
p_61:0.6671103539330006
p_62:0.26186840552947976
p_63:0.5413479037307614
p_64:0.9868629821942907
p_65:0.9715261762998144
p_66:0.5652131284808817
p_67:0.5753338003253834
p_68:0.1372790375254178
p_69:0.19398633270913002
p_70:0.6200330625275989
p_71:-0.8688409007360489
p_72:-0.28196466498053296
p_73:0.6602803371032506
p_74:-0.838920026192246
p_75:0.567829111734935
p_76:-0.3876198186608675
p_77:0.02410585886909078
p_78:-0.16940368762176572
p_79:-0.14286814215115462
p_80:-0.8018437320695186
p_81:0.7553256021263506
p_82:0.8234221809876108
p_83:0.27961143177828385
p_84:0.6314096281909636
p_85:-0.6518123164451681
p_86:-0.5977093845230064
p_87:-0.24240754150832156
p_88:0.045946560747254894
p_89:-0.14230340959185628
p_90:-0.5447781228105328
p_91:-0.48993697740366193
p_92:-0.5047718532924093
p_93:-0.6721841134525204
p_94:0.20569027071679735
p_95:0.08288651798561864
p_96:-0.978041970053372
p_97:0.14753178362516128
p_98:0.5479398383427534
p_99:0.48348335482448657
p_100:0.09251920515202716
