initial_step:0.14577854469318996
p_0:-0.40980333463101193
p_1:0.41364681378108226
p_2:-0.30064094090005233
p_3:-0.6974967878755183
p_4:0.07205322826369209
p_5:-0.6229331343980675
p_6:0.3194120583230231
p_7:-0.7583599679647095
p_8:0.705965719973078
p_9:-0.866885355164916
p_10:0.42483335873659755
p_11:0.9156016752222518
p_12:-0.26565064139241734
p_13:-0.011540982288066104
p_14:-0.9250741825163677
p_15:0.1631333511473514
p_16:-0.26113959047036817
p_17:-0.7345773219141729
p_18:-0.04277508929337204
p_19:0.1866406946963879
p_20:-0.27485909143356557
p_21:0.7420220204066115
p_22:0.016589977510072185
p_23:0.7552409365453587
p_24:0.5202521184726145
p_25:0.9222991038101553
p_26:0.4544953984324571
p_27:0.9047217724311254
p_28:-0.758684908466557
p_29:0.7005043378038489
p_30:0.15955603452585798
p_31:0.1833615295636144
p_32:0.7217558270420075
p_33:0.022153890452057068
p_34:0.9451581008135383
p_35:0.05048946420307443
p_36:-0.3197286706747158
p_37:-0.8827784993475554
p_38:-0.31079833426153614
p_39:-0.7266988613571246
p_40:0.44649357867285433
p_41:0.07580571543974912
p_42:0.033844312841865065
p_43:-0.3619759306764849
p_44:-0.18156558819993762
p_45:-0.22030086935849846
p_46:-0.29787642572156625
p_47:-0.37296089800263355
p_48:-0.489861645638912
p_49:-0.7920205659481951
p_50:0.06601370537803786
p_51:-0.46701508800225144
p_52:-0.7503573165901933
p_53:-0.98376291828094
p_54:0.35144316112606777
p_55:0.6208641162400534
p_56:0.6417617988040338
p_57:0.4407933765838188
p_58:-0.9248477128101622
p_59:-0.6397320704458251
p_60:0.712390694306271
p_61:0.855806150654036
p_62:0.888288912240458
p_63:0.2500697544212751
p_64:0.4186385294453796
p_65:-0.20153792677725368
p_66:0.41110650671236093
p_67:-0.6130760093573737
p_68:-0.21838115800994462
p_69:-0.33007014053256545
p_70:0.6613972630885665
p_71:0.31941729557129817
p_72:0.5447962250015845
p_73:0.584325526046547
p_74:0.9584065206364645
p_75:-0.9739349145519167
p_76:-0.16499924451402737
p_77:-0.5084067279256264
p_78:-0.06323641921965972
p_79:-0.4605330597195971
p_80:-0.6371574740670087
p_81:0.17837178403724874
p_82:-0.6152946909879791
p_83:-0.34534696253995034
p_84:0.5314931821400197
p_85:-0.04272128675845832
p_86:0.1858526457103391
p_87:-0.19140946338840514
p_88:0.2312657734609107
p_89:-0.2644603496053237
p_90:0.35013525770991616
p_91:-0.1965256207942303
p_92:0.00411351252048564
p_93:-0.8891414522759928
p_94:0.9543869836458314
p_95:-0.6003498892326173
p_96:-0.4594517399590985
p_97:-0.11139351560327837
p_98:0.9558956278849573
p_99:-0.4199198720490962
p_100:-0.0606366360063626
