initial_step:0.7362798262643119
p_0:0.9936923960892219
p_1:0.31764678749555353
p_2:-0.33933264409877073
p_3:-0.5436121852721565
p_4:-0.5301031874061797
p_5:0.5900489935859072
p_6:0.7872660810404488
p_7:0.21173201631012928
p_8:-0.24253356084110878
p_9:-0.652936981352259
p_10:-0.7615369806775347
p_11:-0.46501582566161725
p_12:0.3817239876852807
p_13:-0.05910007520728855
p_14:0.4824064556761971
p_15:0.2952438834443418
p_16:-0.5961842629683458
p_17:-0.8185800554708338
p_18:0.6746058018772179
p_19:-0.7052730794101971
p_20:-0.41222490645234866
p_21:-0.8638201924298559
p_22:0.27818661545938705
p_23:-0.23271808364753133
p_24:-0.8999357895701221
p_25:0.690030896033524
p_26:-0.07915148865698018
p_27:0.47201143275825586
p_28:-0.22812299139905368
p_29:0.3916233194763967
p_30:-0.3837871765083709
p_31:-0.16295257311776146
p_32:-0.057054667129879943
p_33:-0.9690121058136123
p_34:0.32603651599754313
p_35:-0.5163279929026701
p_36:-0.9793372675978
p_37:-0.4654342224251742
p_38:0.4846504601556587
p_39:0.7080054204600006
p_40:-0.4021971863926479
p_41:-0.011086089087003037
p_42:0.13429412558913945
p_43:0.6717295161065935
p_44:0.4860887996361043
p_45:0.8362642004108889
p_46:0.30977133906637855
p_47:-0.6524286395447123
p_48:0.08307291920905335
p_49:-0.9969245459229865
p_50:-0.14577201169031873
p_51:0.8493167477173595
p_52:-0.050467203445115905
p_53:-0.3252518997880274
p_54:-0.9352230047885854
p_55:-0.9507052662894373
p_56:-0.3592197088669671
p_57:0.9740725280906637
p_58:-0.3702239505643121
p_59:0.15898252630172016
p_60:0.2629377788654286
p_61:0.4850855276300656
p_62:-0.6530227067578878
p_63:0.9001380616270998
p_64:0.6237092557550918
p_65:0.9278244488357335
p_66:-0.7640071851172907
p_67:0.5766740287321741
p_68:0.4850831005535079
p_69:-0.1509838037790765
p_70:-0.06759322973039583
p_71:-0.9413695318899851
p_72:-0.4019197990355303
p_73:-0.7342327991515878
p_74:-0.3503544725411125
p_75:0.05534385556366184
p_76:-0.5487085786285872
p_77:0.9258564711038468
p_78:0.02591067016446269
p_79:-0.30056359310907466
p_80:-0.656151809240862
p_81:-0.7785183172116381
p_82:0.617668934925782
p_83:0.6250153258422784
p_84:-0.3665615773788953
p_85:0.45638203599075355
p_86:-0.08705355290271699
p_87:-0.9373492020471188
p_88:-0.3254440526508777
p_89:0.9802173659234543
p_90:-0.8132899017933617
p_91:0.4202545617585609
p_92:-0.11420174481985645
p_93:-0.3408369033199279
p_94:0.6690808752825528
p_95:-0.7187397963611688
p_96:0.6758816189175776
p_97:0.621452593425164
p_98:-0.6204664556393065
p_99:0.10665768652389596
p_100:0.09802581818501821
