initial_step:0.9784305071266932
p_0:-0.4715467977650132
p_1:0.46446200696560735
p_2:-0.326436708971247
p_3:-0.25475839962526137
p_4:0.10435405064106495
p_5:0.8700954276189301
p_6:0.6188799296883467
p_7:0.4381979970449055
p_8:0.5055003746948452
p_9:0.12797364025715763
p_10:0.24567398150387465
p_11:-0.66519016545562
p_12:-0.5943797542176679
p_13:0.2824207114623434
p_14:-0.49053458324659105
p_15:-0.4530888075976842
p_16:-0.19083398396303286
p_17:-0.9802430015133574
p_18:0.929603988861033
p_19:-0.5470830045773127
p_20:-0.913186846975121
p_21:-0.08177523911205609
p_22:-0.9657057879281965
p_23:-0.26458035597079776
p_24:0.95781178900518
p_25:-0.3579681090163722
p_26:0.5588660915551873
p_27:-0.5649715955070047
p_28:-0.6512940714497966
p_29:-0.009678769058272918
p_30:-0.4410404975089619
p_31:0.051319323789943194
p_32:-0.10826286340786773
p_33:0.061401868381096625
p_34:0.13757796668326905
p_35:0.19538580066925681
p_36:0.05570359053913809
p_37:0.5132332850982029
p_38:-0.5377300267742531
p_39:0.2335118847706712
p_40:0.14851475597713892
p_41:0.9528494251457336
p_42:0.9990162903508442
p_43:-0.7123518434394744
p_44:0.7803288250919247
p_45:-0.0031333547423133545
p_46:0.10670425238504677
p_47:0.7064927175559552
p_48:0.6112754155840778
p_49:-0.2610449115300464
p_50:0.03858709247421044
p_51:-0.5146491770713233
p_52:-0.9560947537988334
p_53:0.08592043300681329
p_54:0.356904663338635
p_55:-0.5466132733396505
p_56:-0.36803669393583305
p_57:0.3628302705682438
p_58:0.6992997740284976
p_59:0.7929941913348764
p_60:0.7196776031503129
p_61:-0.9525534691474902
p_62:-0.10728248938157958
p_63:0.964850838113607
p_64:0.225748047000478
p_65:0.420693386946726
p_66:0.3618199413546974
p_67:0.6033948333705317
p_68:-0.3038139084637599
p_69:-0.2882394808666806
p_70:-0.2631035409233442
p_71:-0.9419749485680737
p_72:0.06033727920982068
p_73:-0.97368233595192
p_74:-0.7085665010123146
p_75:-0.06710467505371165
p_76:0.34277128285079583
p_77:-0.38192819013706103
p_78:-0.7466957379997501
p_79:0.07418300825734647
p_80:0.593779326294817
p_81:0.5587579094269708
p_82:-0.060029164856654216
p_83:-0.24398183600089585
p_84:-0.1882120088807464
p_85:-0.5241809703812932
p_86:-0.359584715803404
p_87:-0.6806165724077633
p_88:0.7627021749253127
p_89:-0.026517362276715417
p_90:-0.923159461544071
p_91:0.6187734164906942
p_92:0.8645406646236216
p_93:-0.45614446069958925
p_94:-0.5025167980632901
p_95:-0.0385331733639207
p_96:0.7945321033119253
p_97:0.8471551977692158
p_98:-0.3021796127080216
p_99:-0.019154131538467345
p_100:0.9490764293995011
