initial_step:0.7813101903337061
p_0:0.7477609321674765
p_1:0.13570458722602674
p_2:0.8559424724739666
p_3:-0.8816895382994181
p_4:0.30257550439413183
p_5:-0.8953807347936906
p_6:0.3538362836353137
p_7:-0.8121213313424995
p_8:-0.5573877868181558
p_9:0.01526654893648427
p_10:0.2926887859957876
p_11:0.3773762409862871
p_12:-0.21007248477397034
p_13:-0.10111735920191434
p_14:0.17503838126625038
p_15:-0.42945818381743384
p_16:0.44943313515025674
p_17:0.5421808639094143
p_18:0.7072827867059754
p_19:-0.9267009347754076
p_20:0.017145718092506312
p_21:-0.11585295943816454
p_22:0.7462479093415495
p_23:0.6287703910895
p_24:0.6023052615798927
p_25:-0.9015722217779543
p_26:0.3199056595508436
p_27:-0.044546917200385616
p_28:0.14781853825788271
p_29:0.982172683211483
p_30:-0.5503139265877413
p_31:0.3202407770504556
p_32:0.7854726018276585
p_33:0.8532527767221074
p_34:-0.8540127290997568
p_35:-0.2950432527103355
p_36:-0.45567270762453993
p_37:0.37069583935882866
p_38:-0.9252493835012705
p_39:-0.013520207682856666
p_40:0.5550432769464193
p_41:0.9239326209854548
p_42:0.05436643811723885
p_43:-0.8156324091390061
p_44:0.7377002689419245
p_45:-0.8863011228365347
p_46:0.7292615469889412
p_47:0.018320720866990436
p_48:-0.027478874641284623
p_49:0.7627004627457128
p_50:-0.21362490509630194
p_51:-0.45027668709756496
p_52:-0.9206588023262317
p_53:0.8055948555637131
p_54:0.5099462813294511
p_55:0.4877110462449623
p_56:0.32567641201033526
p_57:-0.40331907153232227
p_58:0.910009331516846
p_59:0.34745896686086986
p_60:-0.6276965888810568
p_61:-0.41648944655735676
p_62:-0.9096549847624893
p_63:0.3858148153619325
p_64:0.6347860248765818
p_65:-0.3988464957747646
p_66:0.5288212025096364
p_67:-0.7950688868060456
p_68:-0.2801237069428151
p_69:-0.8624571490921171
p_70:0.6778212294388575
p_71:-0.17444252186970055
p_72:-0.9285779930673239
p_73:-0.33726094217840785
p_74:-0.6218763799298135
p_75:0.10608243049324906
p_76:0.1453679236820371
p_77:-0.7373500709478409
p_78:0.6269664248538074
p_79:-0.9516013502354117
p_80:0.6463887777483575
p_81:-0.6053033154636656
p_82:-0.1276354229065524
p_83:0.8716371690955964
p_84:0.932588160765172
p_85:-0.5455317225998206
p_86:0.741140026075402
p_87:0.5612757964558968
p_88:0.443133137286684
p_89:-0.06817388913721079
p_90:0.3825003526842239
p_91:0.9100625329432048
p_92:-0.9094061590315261
p_93:0.20330702757770824
p_94:0.6573963560806058
p_95:-0.5005701681295134
p_96:-0.7048315794966971
p_97:0.9607448773926397
p_98:-0.27872979865193726
p_99:0.17259405480496137
p_100:0.016771078268599915
