initial_step:0.14217342658064447
p_0:-0.9535077823723674
p_1:0.03619216319108509
p_2:-0.8396461203799619
p_3:-0.5880312831189949
p_4:-0.923695565971256
p_5:-0.2654786457933991
p_6:-0.3614471725750923
p_7:-0.9036933905800111
p_8:-0.8879559077467156
p_9:-0.2366773399237716
p_10:0.8399220349414238
p_11:0.9436863257378629
p_12:0.06530135499542933
p_13:0.9147636246615776
p_14:0.4011559370070341
p_15:0.012073190646359144
p_16:0.5935835965456064
p_17:-0.7919519588477923
p_18:-0.21932652671024644
p_19:-0.6657778550962243
p_20:-0.11056109192761343
p_21:-0.47965385929856974
p_22:0.3496862737396873
p_23:-0.4216826995959977
p_24:0.21407709951264442
p_25:-0.845759636868556
p_26:0.982709271734876
p_27:0.5636122134309915
p_28:-0.438125226989714
p_29:-0.980099506615236
p_30:0.9964687247319348
p_31:-0.40245209034295004
p_32:-0.9022618960632747
p_33:-0.9300323988281081
p_34:0.2625345170392015
p_35:-0.14467280133932658
p_36:-0.824755414595832
p_37:0.8415553810428271
p_38:-0.1410144874188708
p_39:-0.78597314882237
p_40:0.8349635844187329
p_41:-0.01858326822922396
p_42:-0.8742580054913214
p_43:-0.08915766719904328
p_44:-0.3456368077645573
p_45:0.10072219803412819
p_46:0.229693974194215
p_47:-0.08056858051979465
p_48:-0.5769296707473366
p_49:0.7112192843544425
p_50:-0.44934973215963914
p_51:-0.2086978593802742
p_52:0.08096033221622356
p_53:-0.6754213277197336
p_54:-0.615780660876615
p_55:-0.11948831435700247
p_56:-0.6430445746116422
p_57:-0.27646207309282533
p_58:-0.9812698442059078
p_59:-0.9507496807280287
p_60:0.16408005375438361
p_61:0.49519350750901636
p_62:0.5072387836512489
p_63:0.4016848501225583
p_64:0.4827010693733307
p_65:-0.3345474337131118
p_66:-0.5068784203878574
p_67:0.3717587861189702
p_68:-0.3231811217814935
p_69:0.9588357641417622
p_70:0.13557546291386524
p_71:0.23603527734077634
p_72:0.6989260046405052
p_73:-0.049960325812260065
p_74:0.18451537088066217
p_75:0.7408912456826389
p_76:-0.7880860571282098
p_77:-0.4297524991274184
p_78:-0.7360816019163932
p_79:-0.8197201006336523
p_80:0.6153337794979126
p_81:-0.6147424208957417
p_82:0.13213113642271535
p_83:0.4870134782560771
p_84:-0.36007124226885057
p_85:-0.16032241625653953
p_86:-0.8804158177871826
p_87:0.4290935249161818
p_88:-0.3464437606326629
p_89:0.17789308456097608
p_90:-0.46341818398598367
p_91:-0.489534298323667
p_92:0.5121783577073926
p_93:-0.24991404208882684
p_94:-0.3317078692792459
p_95:0.5930044453946937
p_96:-0.37895287732080596
p_97:-0.34599019558826005
p_98:0.33655993318719046
p_99:-0.08237066687015893
p_100:-0.8301942547254446
