initial_step:0.0749567301881563
p_0:0.8314809318642664
p_1:0.1538957221430044
p_2:0.4125049023626213
p_3:-0.7367639468990661
p_4:-0.3949128714213608
p_5:0.8467913074533187
p_6:0.33354943207504917
p_7:-0.006912754816168931
p_8:0.16515288324094435
p_9:0.010169454768526487
p_10:0.6541531708230826
p_11:-0.5249566184639862
p_12:0.15118710615357278
p_13:0.08586279857005019
p_14:-0.025869949578812168
p_15:-0.8823599460566129
p_16:0.38729854991770796
p_17:-0.07892683078174856
p_18:0.09721825614220347
p_19:0.2839505856163682
p_20:-0.4177618586373528
p_21:0.9364293902778145
p_22:0.9688381850674317
p_23:-0.10099930200522933
p_24:0.9576295018906662
p_25:0.031165158969427287
p_26:-0.19114768580589714
p_27:-0.4141035053020319
p_28:-0.503223519152882
p_29:0.22607102969420412
p_30:0.9987773440161527
p_31:-0.16575510586425146
p_32:-0.8996436056634489
p_33:0.5138471878007613
p_34:0.9301648709581962
p_35:-0.16950095080786065
p_36:-0.6923179468696354
p_37:0.7324461361592653
p_38:0.34748712963920947
p_39:0.1425406795640758
p_40:0.7016041289806203
p_41:-0.5897084846826683
p_42:-0.9182292859926169
p_43:-0.27296331303630517
p_44:0.42224236764154055
p_45:0.6829181045471524
p_46:-0.3783648033634128
p_47:0.4008788248961721
p_48:-0.4946358598043308
p_49:-0.7501979643264556
p_50:-0.9696240497719137
p_51:0.24026723887053159
p_52:0.49655693282999014
p_53:0.05546655689683999
p_54:0.6016141307181417
p_55:0.817331633118634
p_56:0.3761450745503081
p_57:0.01999045297597779
p_58:0.573076106693035
p_59:0.39041572307105676
p_60:-0.8801595993168325
p_61:-0.2839664967198474
p_62:0.838138116349542
p_63:-0.6735983088714921
p_64:0.16997924413751964
p_65:0.34033601952116976
p_66:-0.768439431847703
p_67:-0.22362333575632243
p_68:-0.21292643266623745
p_69:-0.050972842381238115
p_70:0.4167892474425672
p_71:-0.5013826108427577
p_72:0.2556378516744495
p_73:0.28020673943575036
p_74:0.3383808803043278
p_75:-0.8485888459769424
p_76:-0.15156763454449362
p_77:0.4127937290000243
p_78:-0.9394896037446601
p_79:-0.506718182284978
p_80:-0.33736333761540993
p_81:-0.11897485299772259
p_82:0.3818200320553151
p_83:-0.5941729202844792
p_84:0.9145100185883364
p_85:-0.6764730113583273
p_86:0.47705207389396587
p_87:-0.014027495255981792
p_88:-0.4217970908251416
p_89:0.7244002116883415
p_90:-0.45082468743198545
p_91:-0.29523685729493176
p_92:-0.28153224122848486
p_93:0.8187208443949843
p_94:-0.07362631368609596
p_95:-0.28874269002242925
p_96:-0.19907032021003057
p_97:-0.3344986371116563
p_98:0.1868036851724011
p_99:-0.46381078779456786
p_100:0.685898760683376
