initial_step:0.5732940503322609
p_0:0.17497094217698805
p_1:0.5348302451700202
p_2:-0.5078858482547417
p_3:0.8359539717979305
p_4:0.22562240431571445
p_5:-0.3697407061401785
p_6:0.47222925593905285
p_7:-0.4178110671016604
p_8:-0.07500217162887846
p_9:-0.41174214424198663
p_10:0.7379986716941085
p_11:0.6493606801432628
p_12:-0.5054108173836034
p_13:-0.6234237665070186
p_14:-0.3072146351761751
p_15:0.9938467360109107
p_16:-0.3117705715211774
p_17:-0.9975789121577276
p_18:-0.24641828731729265
p_19:0.6133165484582295
p_20:-0.11004811979280738
p_21:-0.890665151828915
p_22:-0.15806936823526563
p_23:-0.536065453107669
p_24:-0.08625172348782884
p_25:0.2314954426955127
p_26:0.1122562730989789
p_27:0.0322529917262151
p_28:-0.4106485800070949
p_29:-0.6283008308537377
p_30:-0.4937993730546586
p_31:0.22677527643446949
p_32:0.616985025308245
p_33:-0.4448176701362003
p_34:-0.36328445768767215
p_35:-0.9560475223321003
p_36:0.526929203840812
p_37:-0.5524571626183536
p_38:0.14560020209890268
p_39:-0.9946841997593623
p_40:0.553911953422281
p_41:0.13182070971006543
p_42:0.2555713816120706
p_43:0.2213716918837989
p_44:-0.8696324723822588
p_45:0.46083930556103136
p_46:0.12272190591420906
p_47:0.547966448540057
p_48:-0.7087057302944466
p_49:0.9200616007932934
p_50:-0.3939237285491519
p_51:0.11258606488249745
p_52:-0.8871131919933719
p_53:0.28170530016818507
p_54:0.6170727616151614
p_55:0.69056573346941
p_56:-0.9647993809491269
p_57:0.8951134465216872
p_58:-0.39484436401361633
p_59:0.7974940318346648
p_60:0.2904279654985169
p_61:0.37408393739363754
p_62:0.0692155741026439
p_63:0.599334168134187
p_64:-0.3379999750667111
p_65:0.556283120969731
p_66:-0.21125676978530228
p_67:0.31897647915877214
p_68:0.2093894018807274
p_69:0.2606543442240741
p_70:-0.3475393105456679
p_71:0.325629646348051
p_72:-0.47408965504827494
p_73:0.5377861558721133
p_74:-0.17445908811222943
p_75:0.10982284075953452
p_76:0.9337441124230879
p_77:0.15454593596963884
p_78:0.5225114074489308
p_79:-0.3069422143707776
p_80:-0.7318674208883951
p_81:0.7391739425146384
p_82:0.20774411929243475
p_83:-0.9698164132247267
p_84:0.7061094254843983
p_85:-0.8626455391622685
p_86:-0.9978812436627975
p_87:-0.4152087436180172
p_88:-0.33980094673194716
p_89:-0.45328977267127235
p_90:0.46023747347498056
p_91:-0.8988304196090329
p_92:0.4579804946908501
p_93:-0.9138880935270683
p_94:-0.5946393434302069
p_95:-0.9399036885525611
p_96:0.9605630457798846
p_97:0.10319762611600858
p_98:-0.374049180529342
p_99:-0.612289176722417
p_100:-0.2529187617664106
