initial_step:0.9958118778569469
p_0:-0.6867809461476959
p_1:-0.28285280209847663
p_2:0.33450794658765504
p_3:0.5043233821680044
p_4:-0.03343648578679814
p_5:0.8752726819133265
p_6:0.36651052153577557
p_7:0.92371064273543
p_8:0.4332002145933693
p_9:-0.13733346114497258
p_10:-0.8759097323864893
p_11:-0.24050763235870565
p_12:0.19804994286984368
p_13:-0.510316616768955
p_14:0.2923282807242378
p_15:0.08402299982298866
p_16:0.10820515390083929
p_17:0.5154347535664434
p_18:-0.22662076791646557
p_19:-0.84458970230878
p_20:-0.6356920074534487
p_21:0.8870679455637498
p_22:-0.2845232296978739
p_23:-0.059567577263259563
p_24:-0.3827117425611002
p_25:-0.47230780824740504
p_26:0.6628519475601704
p_27:-0.09696016521837647
p_28:0.8662370373529873
p_29:0.45323861803955867
p_30:0.051111121292958694
p_31:-0.4017763131295553
p_32:-0.3420864285941221
p_33:0.8346136435062126
p_34:-0.22365417726283732
p_35:-0.39436788482574725
p_36:-0.828798577208139
p_37:-0.8506085336931322
p_38:-0.5047576009264698
p_39:-0.9819484173073543
p_40:0.13467010898806198
p_41:0.8036676670324692
p_42:-0.3650390122019278
p_43:0.7256856833140544
p_44:0.025262576159643002
p_45:-0.320155207462006
p_46:-0.5187885301189377
p_47:-0.3168085542589718
p_48:0.9755319881368685
p_49:-0.6088200104703518
p_50:0.4598414158481683
p_51:-0.2496069122758242
p_52:0.014989180457186224
p_53:-0.803492043889054
p_54:-0.4929440116325565
p_55:-0.2693179747389669
p_56:0.2460582742982329
p_57:0.01405545045934442
p_58:-0.6693558371953179
p_59:0.41204288493929275
p_60:0.43251808329928765
p_61:0.5291249858023876
p_62:0.24827453712995307
p_63:0.33753202608493527
p_64:-0.836801152235991
p_65:-0.5330731431374764
p_66:0.30849252985308917
p_67:-0.37610702990339506
p_68:-0.5601150916866413
p_69:0.2576716566917774
p_70:0.40075315374110465
p_71:-0.5726436649060884
p_72:0.3922237108125688
p_73:-0.8275336862806764
p_74:-0.28114572194649345
p_75:-0.44387683400486555
p_76:0.976982019476915
p_77:-0.9972437221071844
p_78:0.6250737245371305
p_79:0.3473278778903466
p_80:0.1143347311137175
p_81:0.36232119942562346
p_82:-0.6342361680663406
p_83:0.31616358812749734
p_84:-0.7971883759491245
p_85:0.47421574570951597
p_86:-0.22376467182399895
p_87:0.6563064590637826
p_88:-0.7679395783904619
p_89:-0.1580824351056489
p_90:0.2508285750437296
p_91:-0.6776362370289502
p_92:0.23349008298852247
p_93:0.2957857254270977
p_94:-0.0626725633428189
p_95:0.226851338737309
p_96:-0.3227242709727849
p_97:-0.5834038407350841
p_98:0.36338143965254277
p_99:0.751318411080822
p_100:0.7823487436158576
