initial_step:0.033842753548392834
p_0:-0.9157627242401438
p_1:0.7594298189123445
p_2:-0.9059599038557382
p_3:-0.5621377870431212
p_4:0.1819467948070379
p_5:-0.626613565396982
p_6:-0.3127057056938598
p_7:0.24349228456150662
p_8:-0.8683124400850926
p_9:0.8915855845441507
p_10:0.43813621564571514
p_11:0.7752918510770366
p_12:-0.9351067890302929
p_13:-0.240482153861304
p_14:-0.2692329919444745
p_15:-0.64391216483211
p_16:-0.9848951326205615
p_17:-0.15835766562675646
p_18:-0.5235768440405824
p_19:0.5489718947027098
p_20:0.9679973126397379
p_21:0.5737114186961374
p_22:0.3176944756940985
p_23:-0.03912530655416813
p_24:-0.5396962613029948
p_25:-0.9744297009708374
p_26:-0.4395995099838397
p_27:-0.35227845475995223
p_28:-0.4026571113034598
p_29:0.9127283030561493
p_30:-0.6086881062382756
p_31:-0.03960053714827927
p_32:0.2711396475132879
p_33:-0.4228690249539673
p_34:-0.0947064236232209
p_35:-0.53753893130983
p_36:-0.5605428400414827
p_37:0.7626442462208483
p_38:0.6244678237157364
p_39:-0.7213678839031057
p_40:0.5492981360415012
p_41:-0.9836152793843878
p_42:0.37971592249845254
p_43:0.8605811341186806
p_44:0.020736812044108044
p_45:-0.759928402257511
p_46:-0.8580817624684842
p_47:0.345785838039961
p_48:-0.7547598526112698
p_49:0.025183589648996252
p_50:-0.4587702201898711
p_51:0.20042418737392365
p_52:-0.911883325292181
p_53:0.6849538187983806
p_54:0.358605241443708
p_55:-0.110033235124394
p_56:0.710699334569423
p_57:-0.23326267177333193
p_58:-0.3613015917588698
p_59:-0.17898825802972684
p_60:-0.7344198069925478
p_61:-0.44875196548095597
p_62:-0.3586928687151312
p_63:-0.7006508809157179
p_64:0.5095014167923353
p_65:0.04280713478330167
p_66:0.5162119587038929
p_67:0.8954395821637771
p_68:-0.06879944643608904
p_69:-0.8323590775107745
p_70:-0.48022407466333217
p_71:-0.2516223997345155
p_72:0.7193866892544736
p_73:-0.2954970530787737
p_74:-0.9547489241052567
p_75:-0.561574601053139
p_76:0.34281912818351845
p_77:0.8565735707379105
p_78:0.1850891871110003
p_79:0.45618686577841694
p_80:-0.15877214428666964
p_81:0.05095436693436395
p_82:0.4425901855690728
p_83:-0.6448452194745775
p_84:-0.38108779145695704
p_85:-0.9499091112998665
p_86:0.8437180038072765
p_87:-0.16244025154031894
p_88:0.5611302308569177
p_89:0.3027011366014416
p_90:-0.3127920016421293
p_91:-0.13947476952011995
p_92:-0.7428038341141048
p_93:-0.502108516401955
p_94:-0.624816798404813
p_95:-0.4016243658952343
p_96:-0.09468443083698719
p_97:0.9522939575930773
p_98:0.5124768490690781
p_99:0.4210540599303374
p_100:0.8255839110365559
