initial_step:0.15571744303046342
p_0:0.47854201467866364
p_1:-0.09834144451468863
p_2:0.15136172166014394
p_3:0.8494524257975598
p_4:0.5007979628276074
p_5:0.04979866563616131
p_6:-0.33607161481849745
p_7:0.7657557686098893
p_8:0.3847538234093357
p_9:-0.17704810553389283
p_10:-0.9973709942417113
p_11:-0.6835036453329884
p_12:-0.982819204865812
p_13:-0.08803157680774243
p_14:-0.5782941616632891
p_15:0.5235280385708279
p_16:0.8231231532165504
p_17:0.48301540293497425
p_18:-0.9346188146519236
p_19:-0.4363203975086376
p_20:0.8446875053700924
p_21:0.1610177424142354
p_22:0.6695450411316144
p_23:-0.7768357760490676
p_24:0.8399546457031091
p_25:-0.5975733729745794
p_26:-0.015595621507833224
p_27:0.7707294245181457
p_28:0.3150935161100925
p_29:-0.5611026676928204
p_30:0.4473586908618197
p_31:-0.4349606235148158
p_32:0.38296267365135117
p_33:0.8340172111807176
p_34:0.4933116053422082
p_35:-0.9245858726742571
p_36:-0.22699339944325247
p_37:0.6330081604405549
p_38:0.5534493435082204
p_39:0.23079222876673455
p_40:-0.6090904832427813
p_41:0.07493301229982641
p_42:-0.17141461958623427
p_43:-0.494050286817892
p_44:-0.23113758872219425
p_45:-0.20116484697055603
p_46:0.5355257889585678
p_47:-0.6255113841150979
p_48:0.6656693767480604
p_49:0.7662970085436815
p_50:-0.20208908519717927
p_51:-0.2681651535147478
p_52:-0.26419425736453417
p_53:-0.8545290142378239
p_54:0.03464297739877886
p_55:0.3478791980473275
p_56:-0.2134297448124889
p_57:-0.19213460102026958
p_58:0.5376949570849519
p_59:-0.08366845424751235
p_60:0.7813177487963026
p_61:-0.5948785185514718
p_62:0.36193678124721185
p_63:-0.2710488784837608
p_64:-0.5682308019532158
p_65:-0.183125543320799
p_66:-0.27113565424627306
p_67:-0.2519300782536533
p_68:0.7268689937120709
p_69:-0.5343181530726364
p_70:-0.6651586704349353
p_71:-0.9082663392223256
p_72:0.13967919388516048
p_73:-0.21023754205052203
p_74:0.6893409867943427
p_75:0.9591057136849415
p_76:0.3602990903739558
p_77:0.5736465513759312
p_78:-0.9756444077934678
p_79:-0.6198469846462571
p_80:-0.39497407301971754
p_81:0.37362978406327785
p_82:0.21239607929313498
p_83:0.8696931133101389
p_84:0.9149569014403607
p_85:-0.6402738118082603
p_86:0.7833860177460052
p_87:-0.9416286884782163
p_88:0.22796018552170794
p_89:-0.7695421227999619
p_90:0.6400271659983952
p_91:-0.21895897619928406
p_92:-0.2905055320568741
p_93:0.0015101561377124373
p_94:-0.9864777945684053
p_95:-0.6466137780907029
p_96:-0.8487442023239973
p_97:-0.7233089563081119
p_98:0.7792293132738446
p_99:-0.803220366740478
p_100:0.4834140774813305
