initial_step:0.647790526017411
p_0:-0.7883959544431365
p_1:-0.9170022002843423
p_2:0.3018380379817136
p_3:0.3791636794357427
p_4:-0.7331939958944791
p_5:-0.8982765218586088
p_6:0.041714245284700135
p_7:0.4244751229387427
p_8:0.6962461932587569
p_9:0.25423827236221275
p_10:-0.6340855123684819
p_11:-0.9938571114286381
p_12:-0.03343455524366412
p_13:-0.05758538041198835
p_14:0.9869440764045709
p_15:-0.05053261833028366
p_16:0.4655885897543499
p_17:0.43940190965727033
p_18:-0.8326436750616049
p_19:0.0719809168020551
p_20:-0.39613833824244193
p_21:0.9644644169226613
p_22:0.9353311628341121
p_23:-0.12015137362802886
p_24:0.9629807323422073
p_25:0.85695126856838
p_26:-0.7457112958345711
p_27:-0.42207960335287686
p_28:-0.280137882100433
p_29:-0.17487408933804405
p_30:0.9733987412595322
p_31:0.4139124148041289
p_32:0.7321867093270005
p_33:-0.5996670196712113
p_34:0.1025452589485929
p_35:-0.10371327370283878
p_36:0.9625891744694313
p_37:-0.18086059720760694
p_38:-0.17076309780277943
p_39:0.6939941988178859
p_40:-0.5094266362331188
p_41:-0.9674751250943328
p_42:-0.9608749391190343
p_43:0.15196390868491383
p_44:-0.6847330301469767
p_45:0.6593975416798332
p_46:0.25025466507255945
p_47:-0.9207147991476754
p_48:-0.49062571382313025
p_49:-0.2494371851308057
p_50:0.0029255595097927856
p_51:-0.9342980551992988
p_52:0.1926286608040666
p_53:0.7549282008901879
p_54:0.5561576263584185
p_55:0.5402168995450334
p_56:-0.530822413880748
p_57:-0.039793233432985575
p_58:0.05927289638743316
p_59:-0.5101810751765339
p_60:-0.002769541870258685
p_61:-0.9762109566171042
p_62:0.5148806442260072
p_63:0.8481531544446455
p_64:-0.3049956665236355
p_65:0.7873991805386023
p_66:0.030032813395080682
p_67:0.5464104131550318
p_68:0.8003168943118961
p_69:-0.8966869452380182
p_70:0.449586869585205
p_71:0.7253352264794508
p_72:0.3215407996048647
p_73:-0.28831424164538344
p_74:-0.3712988921103293
p_75:-0.25219661042190666
p_76:-0.15164293852031996
p_77:-0.677729135087833
p_78:-0.14371605337252702
p_79:0.6177512535418745
p_80:0.938703304871062
p_81:-0.021290819714528952
p_82:-0.9692098060418828
p_83:-0.9964816207274743
p_84:0.26240706427187876
p_85:-0.8064718181390609
p_86:0.9315275181403009
p_87:0.5713402372721974
p_88:0.6937203152636968
p_89:-0.5750748237285437
p_90:-0.3506360934676427
p_91:-0.4845139096369895
p_92:0.5243460858153333
p_93:-0.15963180988443804
p_94:-0.6004064989231426
p_95:0.7940410460579261
p_96:0.7258596788429545
p_97:-0.9994511054780302
p_98:0.00636715481879091
p_99:0.8543337934740876
p_100:-0.9727500720484377
