initial_step:0.4714228842608297
p_0:-0.449570610126945
p_1:0.5445492794214737
p_2:-0.738211157587521
p_3:-0.2526286922590244
p_4:-0.7404810403735755
p_5:0.9120252779699842
p_6:0.6701344383577308
p_7:0.6678275446313162
p_8:-0.16232700965811642
p_9:0.9851507267834441
p_10:-0.27477335535942826
p_11:-0.2004806810524835
p_12:-0.6389010597995717
p_13:0.6058447108391631
p_14:-0.45664765118556416
p_15:0.03435292184560068
p_16:-0.4460347015763173
p_17:-0.12723736973853272
p_18:0.7669253443047388
p_19:0.6825146736753009
p_20:-0.6009432059520001
p_21:0.6411528798064068
p_22:0.7643528818776366
p_23:-0.7091723804644408
p_24:0.8202346192981222
p_25:0.01459468274144804
p_26:-0.31489239384905954
p_27:-0.10974748918996302
p_28:-0.8630307246482694
p_29:-0.2757828500155719
p_30:-0.8542220459823235
p_31:0.7171492729357505
p_32:0.07975393650964735
p_33:0.29752091398721636
p_34:0.6937235970384728
p_35:0.6056790775751435
p_36:0.9693642438538219
p_37:0.40370500831909695
p_38:0.06758394511481502
p_39:0.6620973404208379
p_40:-0.0532738733981899
p_41:-0.522661530808034
p_42:0.596495788998753
p_43:-0.6415181186634626
p_44:-0.05494211252159542
p_45:-0.29663756828815835
p_46:-0.4255570918464271
p_47:0.2210476708270388
p_48:0.6771641455030997
p_49:0.5266061230111865
p_50:-0.7612001594998086
p_51:0.3995865590183798
p_52:-0.9629780736953684
p_53:0.9495026719972086
p_54:0.6228461588611376
p_55:-0.6944262109850823
p_56:0.687300826730272
p_57:-0.2838937661771399
p_58:0.7132420223923022
p_59:0.6804861655836065
p_60:0.7862439396446983
p_61:-0.8949530652166111
p_62:-0.39854212174293147
p_63:0.8656982136072389
p_64:0.8038405268814774
p_65:0.10334567212961576
p_66:0.18169633648975791
p_67:0.23648715385627272
p_68:-0.41359641532281843
p_69:0.18982007344054197
p_70:0.09212932838329602
p_71:-0.5464122902991122
p_72:-0.9636201840663505
p_73:0.8306407461849392
p_74:-0.9518223442824485
p_75:0.8825569363114711
p_76:0.8691085313751319
p_77:-0.11015416663560051
p_78:0.009089610621566324
p_79:-0.9795596319838038
p_80:-0.18594625126540687
p_81:0.7355636883573395
p_82:-0.7899947548071424
p_83:-0.25357107388954403
p_84:-0.6730756039305335
p_85:0.5872153517620431
p_86:-0.7521610210649243
p_87:0.2045916009061557
p_88:-0.0875178514253212
p_89:-0.9975695188529754
p_90:-0.08326558415988217
p_91:-0.2900187800489331
p_92:-0.5450861238642151
p_93:0.4280738506514974
p_94:-0.8671020648361012
p_95:-0.4907237685746495
p_96:0.3827825091624186
p_97:0.4906960418990154
p_98:0.7130328946015554
p_99:0.36323989786666244
p_100:-0.7105109770135989
