initial_step:0.0063050303484906145
p_0:-0.2548590817897989
p_1:0.9855694518426237
p_2:0.135033699032854
p_3:0.7526864456552069
p_4:0.9665162069909892
p_5:-0.6704669988889211
p_6:0.8357238953674451
p_7:0.05354721414773422
p_8:-0.856509642815426
p_9:-0.9750431296868101
p_10:0.7012609061778281
p_11:-0.7937855840456738
p_12:0.1653503415582791
p_13:0.8717559364633722
p_14:0.44667841371252526
p_15:0.33663081676544615
p_16:-0.771470152693865
p_17:0.6804326967596404
p_18:0.8774462595208501
p_19:0.4543238270575687
p_20:0.11672151170606782
p_21:-0.24918452121773904
p_22:-0.0272199340487429
p_23:-0.7207877490603576
p_24:-0.9971987402272571
p_25:0.7435323461670231
p_26:0.3323682779390642
p_27:-0.659175242642642
p_28:0.7474930816430001
p_29:0.541320565728415
p_30:-0.8147092811614574
p_31:0.1261947288402161
p_32:0.764755788043278
p_33:-0.29104858791518073
p_34:-0.3135134029549631
p_35:0.3215935120545548
p_36:-0.7206039275942608
p_37:0.953635109332484
p_38:0.7433379480314697
p_39:0.1492136528272907
p_40:-0.7033614963614532
p_41:-0.45086609635050023
p_42:0.038138070357012444
p_43:0.8194352350526792
p_44:-0.7652808493839893
p_45:-0.053629995353640325
p_46:0.43781932930379797
p_47:-0.9602921536605242
p_48:0.8621789438731329
p_49:0.48420783754381946
p_50:-0.5444199400908365
p_51:-0.9629744624426406
p_52:-0.037950980366633136
p_53:-0.7010707958937092
p_54:0.6149569558432328
p_55:0.7592449655016322
p_56:0.5235299801685991
p_57:0.6052019328781428
p_58:0.45553187646589866
p_59:-0.9233230809741457
p_60:0.7613752154879525
p_61:-0.8944672754181651
p_62:-0.6460488904855575
p_63:0.722093416337175
p_64:-0.7684738988997672
p_65:0.42165990571916256
p_66:0.09017162570978332
p_67:0.09531060544896208
p_68:-0.045574093683983685
p_69:0.4116340734847528
p_70:0.7422789875457503
p_71:-0.653746564869933
p_72:-0.7485729974323934
p_73:-0.16685395197671804
p_74:0.7063578964552235
p_75:-0.4727720642538322
p_76:-0.9833098821093889
p_77:0.6028054222558341
p_78:0.9632358830744527
p_79:-0.9058041002477353
p_80:0.2839355144785869
p_81:-0.15601775096356674
p_82:-0.19631829708452764
p_83:-0.8067527928750882
p_84:-0.4577159820807488
p_85:0.650429545676088
p_86:-0.4311153025982477
p_87:-0.03366164269179195
p_88:-0.880354279234403
p_89:-0.5929262113263951
p_90:-0.9628716056454014
p_91:0.7005310750785085
p_92:-0.45898223321621767
p_93:-0.29581220960869836
p_94:0.5901697714608201
p_95:0.4830129931109741
p_96:-0.19677301701651229
p_97:0.4432889525330239
p_98:-0.13931412853387037
p_99:0.1023340522376146
p_100:-0.9898381622554002
