initial_step:0.030237141602500905
p_0:-0.6334004324070479
p_1:-0.4847385871190104
p_2:-0.3332707267048385
p_3:0.5199573243381097
p_4:-0.14557249843365727
p_5:0.9356297130482525
p_6:0.7796280178724062
p_7:-0.8588829973967875
p_8:0.3437935238408609
p_9:0.2189740116585701
p_10:0.6861217990639721
p_11:0.557660502349064
p_12:0.027216737564774496
p_13:0.8993195507791836
p_14:-0.5918358220061088
p_15:-0.9113291589991042
p_16:-0.3173722789114761
p_17:0.4629838867735707
p_18:-0.777829786316244
p_19:-0.865983643060037
p_20:-0.6760463623116981
p_21:-0.8882520664989784
p_22:0.5950517143410621
p_23:-0.48936774632389946
p_24:0.9332720304245381
p_25:0.5296985404912542
p_26:-0.6791708689710771
p_27:-0.5767655787445389
p_28:-0.1238376087348918
p_29:0.6511090363951071
p_30:0.2103254565586612
p_31:0.1575175418825121
p_32:-0.12070644758841387
p_33:0.875971785964039
p_34:-0.6528297883638714
p_35:0.547722727432258
p_36:0.1028973919770737
p_37:-0.9113980472039087
p_38:-0.3036514952821223
p_39:-0.7914868026971718
p_40:-0.901303359621539
p_41:0.1455104833862093
p_42:0.1720850819817672
p_43:-0.744910504486967
p_44:-0.11294777117783217
p_45:0.9357963236739602
p_46:-0.21202565534113993
p_47:0.46165178612551094
p_48:-0.4499274068922119
p_49:-0.7510414098875395
p_50:0.639521615998973
p_51:-0.6672056466423126
p_52:-0.16238427769991293
p_53:0.6771375114184202
p_54:0.119951933612932
p_55:0.7073235453214726
p_56:0.0006369898490510284
p_57:0.8688907002147999
p_58:-0.749622867417985
p_59:-0.2360906395874134
p_60:0.5188200184742864
p_61:-0.9362246497208278
p_62:-0.13260707377639602
p_63:0.25775491554899244
p_64:-0.1009014040701981
p_65:-0.08981545597253193
p_66:-0.3308357998459124
p_67:-0.20429036037559278
p_68:0.5173929203964214
p_69:-0.26661374826075845
p_70:0.44124470619844036
p_71:0.12423177589409606
p_72:0.7556308150076172
p_73:0.4451891688461811
p_74:0.8140171444455753
p_75:0.8984146246069196
p_76:-0.05401104609601015
p_77:-0.9153973772116233
p_78:0.08526968981753047
p_79:-0.026103829648461696
p_80:-0.5660413981957513
p_81:0.17571792422684918
p_82:0.4743489501100666
p_83:0.44301430612314463
p_84:0.7075589864126348
p_85:-0.7800083576071704
p_86:-0.43333028912450655
p_87:0.8425591733343158
p_88:-0.5177142452143371
p_89:-0.22917371979742973
p_90:0.19774129012686958
p_91:-0.3694347221472185
p_92:0.29881253819655185
p_93:-0.95918122485783
p_94:-0.226742304305662
p_95:-0.726120153921594
p_96:0.3462717244403497
p_97:0.30536033542984087
p_98:0.7029321977110481
p_99:0.4186943821927682
p_100:0.15932828371246455
