initial_step:0.1490519555773604
p_0:-0.16738504629822892
p_1:-0.9500408122385353
p_2:-0.547771316822051
p_3:0.43623022295386327
p_4:0.005157779417065411
p_5:0.5604877986088781
p_6:0.5322425702302362
p_7:-0.17496011782668708
p_8:0.6355914782097871
p_9:0.5783191768484222
p_10:0.03358931845965518
p_11:-0.29364228231929856
p_12:-0.21160932275805555
p_13:-0.3206077957588651
p_14:-0.22675336014587733
p_15:-0.18054937703740292
p_16:0.6354830142739036
p_17:0.7096234606373899
p_18:0.2358327911192104
p_19:0.36366696680941235
p_20:-0.9309919172863765
p_21:-0.5574862156738918
p_22:-0.732073079372195
p_23:0.49580300631521146
p_24:0.032777101561194844
p_25:-0.09741015874148284
p_26:-0.40244585060023175
p_27:-0.399278590246247
p_28:0.9888034671434882
p_29:0.339980630306695
p_30:0.7667958247530511
p_31:-0.6929422801827994
p_32:-0.34650231904965834
p_33:-0.3952978127636728
p_34:0.5535992252173239
p_35:-0.776157031147851
p_36:-0.0620287285276504
p_37:0.11622728035988383
p_38:0.9079008247191651
p_39:-0.32950183733447735
p_40:0.20332676026555774
p_41:0.8868553710003726
p_42:-0.7730995468368937
p_43:0.9294065046322768
p_44:-0.41609335501031586
p_45:-0.7655250483851961
p_46:-0.3612953421319982
p_47:0.8278206476526089
p_48:-0.06261004639437551
p_49:-0.7713377332711493
p_50:-0.1277554947604791
p_51:-0.7605894925562913
p_52:-0.18199606942279267
p_53:-0.7642094126283245
p_54:-0.14059641613382712
p_55:-0.9669773309808551
p_56:-0.17251700656423075
p_57:0.16430556477432634
p_58:-0.7382975149206006
p_59:-0.8795100911403462
p_60:-0.41712889591719704
p_61:-0.7440956727409995
p_62:-0.836012671101247
p_63:-0.8398697701082305
p_64:-0.5461564697721593
p_65:0.30393304860949266
p_66:0.05299020697537116
p_67:-0.18868232111149164
p_68:0.25180483038143153
p_69:-0.33837175554032606
p_70:-0.6566816150694608
p_71:-0.9447555530082956
p_72:-0.9400352735441597
p_73:0.7857636588123351
p_74:0.12542990913860397
p_75:0.14717660637542185
p_76:0.48648129135526275
p_77:0.4896997179033393
p_78:0.7925450899667859
p_79:-0.4915691028227738
p_80:-0.5229344536237623
p_81:-0.3643169812822691
p_82:-0.12720348138242166
p_83:-0.4210393303000992
p_84:-0.7729517030336253
p_85:0.23076537211177017
p_86:-0.8104106565053033
p_87:-0.5241430425048728
p_88:-0.9153685233688218
p_89:0.2905655261389002
p_90:0.7962016092031321
p_91:-0.30115535332414023
p_92:0.04585525838373283
p_93:-0.7630523789876535
p_94:-0.21146376224593078
p_95:-0.3419811936718933
p_96:-0.8385477399867354
p_97:-0.8833039848843653
p_98:-0.043559870835064185
p_99:-0.9311361171083377
p_100:0.21865169608921775
