sigma_0:-0.8186008256977122
sigma_1:-0.3315339416343416
sigma_2:-0.8898971684143988
sigma_3:1.558458146869687
sigma_4:0.27014089102778605
sigma_5:-0.6271411874307093
sigma_6:-1.2146470914666523
sigma_7:-1.9147435267448711
sigma_8:0.8368806054653148
sigma_9:0.8597078818403541
sigma_10:1.1039506130285697
sigma_11:-0.005352376699629512
sigma_12:-2.035567596172532
sigma_13:-0.7091329893658463
sigma_14:1.4980519132155028
sigma_15:2.5179243297330025
sigma_16:0.758929153603326
sigma_17:0.001920656905328152
sigma_18:1.1406170909800895
sigma_19:-1.0709189633218668
sigma_20:0.9637072067620774
sigma_21:-1.006289958211232
sigma_22:-0.5645413291653386
sigma_23:0.12029337616047955
sigma_24:1.5485626213037627
sigma_25:-1.5804947804496625
sigma_26:-0.05632713192964268
sigma_27:1.0557129133254093
sigma_28:1.21064234279501
sigma_29:-1.3035344080953182
sigma_30:-0.23503372835948527
sigma_31:-0.8357936638493616
sigma_32:0.238988829524407
sigma_33:-1.0602267372726664
sigma_34:0.5864532045547157
sigma_35:0.13425142965554
sigma_36:0.4130545914834754
sigma_37:-0.1166925200511023
sigma_38:0.4477170205933424
sigma_39:-2.076928489611395
sigma_40:-0.24532481177508178
sigma_41:-1.6300579191493232
sigma_42:0.3292991663726246
sigma_43:-0.06752727114916325
sigma_44:-0.5245877415729904
sigma_45:-2.1587054060379045
sigma_46:-1.1031693593438832
sigma_47:-0.2658216929889446
sigma_48:-0.3819519306111571
sigma_49:-2.451688729743286
sigma_50:-1.086312268243873
sigma_51:1.4990766532610402
sigma_52:-1.7266823508292934
sigma_53:0.5314411364988612
sigma_54:1.1213398524983955
sigma_55:-0.8973798073971417
sigma_56:0.7166457379160891
sigma_57:-1.9883882460466413
sigma_58:0.33535359639728046
sigma_59:-1.5618279964111468
sigma_60:1.8461156046664668
sigma_61:-0.4603484908171071
sigma_62:-1.537783626363023
sigma_63:1.214063451612694
sigma_64:-1.6522923873985984
sigma_65:0.22569521644204543
sigma_66:-0.19977207125359642
sigma_67:-0.8789533803749201
sigma_68:-1.3309194280280316
sigma_69:-0.6256340452040642
sigma_70:1.3800538002733265
sigma_71:-1.7667659141578962
sigma_72:1.7760120358256668
sigma_73:-1.2064775539784331
sigma_74:0.07989782115224593
sigma_75:0.4857810381984764
sigma_76:0.8337086132193848
sigma_77:0.5215480179597975
sigma_78:0.22218383097800326
sigma_79:-0.024911577436483284
sigma_80:-0.5363362207706079
sigma_81:0.5066250205428621
sigma_82:0.9209263265376898
sigma_83:0.924460287820926
sigma_84:0.4976229550624501
sigma_85:1.5256845004952895
sigma_86:1.804912925180281
sigma_87:-1.0404220560263662
sigma_88:-0.32477552063075693
sigma_89:1.148700343068782
sigma_90:0.462670665729377
sigma_91:0.6974754609566715
sigma_92:1.3077329428195577
sigma_93:1.4465031163212163
sigma_94:-0.46156366192422976
sigma_95:0.3176070188014983
sigma_96:0.4522994262023682
sigma_97:2.437280776704007
sigma_98:-2.095245803890797
sigma_99:-0.4410131399996935
