sigma_0:-0.18702095928362153
sigma_1:0.05473197541275309
sigma_2:-1.608859442237983
sigma_3:-0.419160454282264
sigma_4:-0.7532379463626591
sigma_5:-0.05691135688429377
sigma_6:0.05075427278812314
sigma_7:-0.7323720653847987
sigma_8:0.46757388108371356
sigma_9:1.299443626050627
sigma_10:1.3644146003545587
sigma_11:-0.8082483638083797
sigma_12:1.2412838305203189
sigma_13:1.5430788225073278
sigma_14:-0.7849258770113592
sigma_15:1.1299641954452233
sigma_16:1.5350162552763442
sigma_17:0.543771372195242
sigma_18:0.2120999188278932
sigma_19:-0.30907670376539925
sigma_20:-0.28983789641636815
sigma_21:0.1291925218144115
sigma_22:-1.0842603651483196
sigma_23:-0.4049191321052504
sigma_24:-1.489225333196554
sigma_25:-0.19803219135504715
sigma_26:-0.028558666023145073
sigma_27:-0.03979827210253635
sigma_28:0.8683171547252495
sigma_29:0.38621603135900046
sigma_30:-0.16577620723720712
sigma_31:0.021282367419235292
sigma_32:-1.4020482368644676
sigma_33:1.0818579463089635
sigma_34:-1.1070174326415596
sigma_35:0.38208786704867503
sigma_36:0.2325064401986655
sigma_37:-1.0705098624273823
sigma_38:-0.808671627908397
sigma_39:-0.538496450661212
sigma_40:1.1689670146440567
sigma_41:0.21144124821267418
sigma_42:0.7138576382232729
sigma_43:-1.3975355764232795
sigma_44:-0.42532153825886065
sigma_45:-0.014888694310144078
sigma_46:-0.18971414673384376
sigma_47:-0.4031812046231808
sigma_48:0.7612100124631728
sigma_49:0.25484866961730385
sigma_50:1.4278594420778545
sigma_51:0.31097336944512205
sigma_52:-1.0455953905596187
sigma_53:1.0813582370972972
sigma_54:2.4624662905169115
sigma_55:1.5563756797909083
sigma_56:0.5006788529275897
sigma_57:1.2758389742091127
sigma_58:0.8888121540530477
sigma_59:-0.23877001043662718
sigma_60:1.2035859554689643
sigma_61:-1.1621981465194764
sigma_62:0.4554458535808621
sigma_63:1.6425904411709458
sigma_64:-1.254894611822768
sigma_65:-1.3268390106870467
sigma_66:-0.7117918183172545
sigma_67:0.2606106629638676
sigma_68:-1.1464852351339723
sigma_69:-1.2224467781020725
sigma_70:-0.937301188432082
sigma_71:-0.2309842959717381
sigma_72:0.1381010505211313
sigma_73:-0.2208001032459905
sigma_74:-0.37678614286482526
sigma_75:-0.7422321647705625
sigma_76:0.6324391299816735
sigma_77:-1.1307098441995003
sigma_78:0.04587770264404013
sigma_79:-0.09944540693103042
sigma_80:0.9329379617960202
sigma_81:-0.7598436630213125
sigma_82:-0.6012931720696894
sigma_83:-0.0518597992369932
sigma_84:0.2872176108328922
sigma_85:0.34861195224524655
sigma_86:-0.4094530241892547
sigma_87:-1.0066204589736663
sigma_88:-0.01237355182544151
sigma_89:0.9853753468679489
sigma_90:0.7818543373543863
sigma_91:-0.05663782723526264
sigma_92:-0.9666687904784076
sigma_93:-0.48255061582798287
sigma_94:-0.003339088273230006
sigma_95:1.5485430041317345
sigma_96:-2.188694356266545
sigma_97:-1.0913366972801384
sigma_98:-0.4921958416464718
sigma_99:-2.0318174187576044
