sigma_0:0.06234127569773922
sigma_1:0.002948746777226176
sigma_2:-0.9540061286421808
sigma_3:-2.9514709649696447
sigma_4:-0.30021209363721213
sigma_5:-0.3885302753319528
sigma_6:0.30689242641055703
sigma_7:0.4115279361759855
sigma_8:0.7133523862059011
sigma_9:0.4816702034302971
sigma_10:0.9666109066902172
sigma_11:-0.8629449035390543
sigma_12:-1.065206651865862
sigma_13:0.6924683176870955
sigma_14:0.043584321223638936
sigma_15:0.48323028859169825
sigma_16:-3.202740307763851
sigma_17:-0.8770388271399207
sigma_18:-0.47610711876501616
sigma_19:0.6794084460858325
sigma_20:-1.2001082538843175
sigma_21:0.680437920481561
sigma_22:-0.9949813829150025
sigma_23:-0.5371799375876865
sigma_24:0.8228830723093448
sigma_25:0.17471842224636258
sigma_26:-0.46135924361671193
sigma_27:0.674800628832484
sigma_28:0.31102354572468477
sigma_29:-1.7308174080527123
sigma_30:-0.3537598577950977
sigma_31:0.034194858317069546
sigma_32:1.1055665370255836
sigma_33:0.3076975943480876
sigma_34:-0.1850187587452261
sigma_35:0.536680888846384
sigma_36:-0.15279712785171612
sigma_37:0.4889112843882468
sigma_38:-0.027987766810309064
sigma_39:1.411368050880397
sigma_40:-1.3033252680148428
sigma_41:1.053554354904731
sigma_42:1.2244012879089412
sigma_43:0.8345977580034291
sigma_44:0.28726230183369794
sigma_45:-2.423478638246255
sigma_46:-0.5666737640803381
sigma_47:0.38683173718009284
sigma_48:-0.5396660399588992
sigma_49:0.9981041019713326
sigma_50:0.6739642966169241
sigma_51:-0.829660876210694
sigma_52:-0.7099328561282493
sigma_53:-1.7407609108698425
sigma_54:-0.3038629612550668
sigma_55:0.2880809420478943
sigma_56:0.24325666109369964
sigma_57:-1.2381636240754337
sigma_58:-1.4348483867854134
sigma_59:0.8252267850932924
sigma_60:0.21062215456642247
sigma_61:-0.4084415463821148
sigma_62:-0.10272589942092224
sigma_63:0.9461134583459213
sigma_64:0.21947650429313534
sigma_65:0.36228173931276003
sigma_66:-2.0696912129257834
sigma_67:0.951429116740452
sigma_68:-1.0873243853634607
sigma_69:0.5119356391015771
sigma_70:-0.28706818964463693
sigma_71:1.0382505116069929
sigma_72:1.088734270859003
sigma_73:-0.3860837384067735
sigma_74:0.09971866458149728
sigma_75:1.1556198695613464
sigma_76:-0.2076669232391709
sigma_77:0.11067021036076287
sigma_78:0.02669485394220365
sigma_79:0.5138321329406925
sigma_80:-1.4277700053968496
sigma_81:2.5451829458081074
sigma_82:-0.37541464685425474
sigma_83:1.3880549825088564
sigma_84:-1.7701271608091724
sigma_85:1.2272016158308274
sigma_86:-1.5202533560067748
sigma_87:0.11134018953565503
sigma_88:-0.6007197272296588
sigma_89:-1.4676040890931215
sigma_90:1.0559278814713458
sigma_91:0.7153793603720546
sigma_92:-0.5327742804070962
sigma_93:-1.6904997117914178
sigma_94:-0.6026425548632972
sigma_95:-0.7141248131506923
sigma_96:-2.5364194741996307
sigma_97:1.2116746844346205
sigma_98:1.6285888369435686
sigma_99:0.7501835617023431
