sigma_0:-1.176659313219396
sigma_1:-0.15410327614595473
sigma_2:-0.14944048974316013
sigma_3:-2.255170018346573
sigma_4:-0.5984379434774204
sigma_5:1.83101218466866
sigma_6:-1.198150311025251
sigma_7:-1.054762925710143
sigma_8:-0.7615460628665489
sigma_9:1.0913545961041997
sigma_10:-0.021711276478741666
sigma_11:0.03294995859934291
sigma_12:0.3366886595933438
sigma_13:-2.7327240092227716
sigma_14:-0.8757349917196866
sigma_15:-0.7444619556172493
sigma_16:0.32341226960720276
sigma_17:-1.471044762912365
sigma_18:-2.0164666562239395
sigma_19:-0.1902078617714302
sigma_20:0.7149645952064142
sigma_21:-1.6110009983153128
sigma_22:0.8702128475128779
sigma_23:-0.8055057318467728
sigma_24:-0.3890938421395632
sigma_25:-0.27358859912081845
sigma_26:-0.4766423151278467
sigma_27:-1.1784380094853077
sigma_28:-1.0700503487455437
sigma_29:1.3974518429892218
sigma_30:0.335388699179671
sigma_31:0.5963703368826554
sigma_32:-0.411950628016574
sigma_33:0.5520447308618707
sigma_34:0.5646846697422506
sigma_35:-0.771984319884605
sigma_36:0.5653645610600723
sigma_37:-0.9036802034556335
sigma_38:-0.3592578231980463
sigma_39:0.13951224034910814
sigma_40:-1.068029539920251
sigma_41:-0.6479048073740341
sigma_42:0.22823295281435393
sigma_43:-0.33387439774902283
sigma_44:0.20188668898866813
sigma_45:0.4570045962769239
sigma_46:-1.4483264918256813
sigma_47:-0.6498324395579798
sigma_48:-1.7535792910985917
sigma_49:-0.13881388650669185
sigma_50:0.0020387778041064887
sigma_51:0.16193288235046147
sigma_52:-0.3200923507562865
sigma_53:1.2355304787559689
sigma_54:-0.019146666214543265
sigma_55:0.029330934710170613
sigma_56:0.6503071866169204
sigma_57:-2.3932479542442957
sigma_58:-0.6725097461068179
sigma_59:-1.1189393201970377
sigma_60:-0.31852383002073364
sigma_61:-0.44046049376419644
sigma_62:-0.5152919711826953
sigma_63:-0.1229973296661005
sigma_64:-0.42522331753031645
sigma_65:3.139902009308081
sigma_66:1.144174357411053
sigma_67:-0.7219997037811968
sigma_68:0.48627296618149046
sigma_69:-0.2667045161816538
sigma_70:-0.5986835030537587
sigma_71:-1.0224968258700906
sigma_72:-2.1257052447111446
sigma_73:0.449642737299272
sigma_74:-0.12136166937304607
sigma_75:-0.8624318882161687
sigma_76:-0.586166865118272
sigma_77:0.46017701111556225
sigma_78:0.12055680062731738
sigma_79:0.8386910178873154
sigma_80:-0.4973523766200071
sigma_81:2.672176867940877
sigma_82:1.8912252063256776
sigma_83:-0.8050439846561973
sigma_84:0.22711363806952406
sigma_85:-0.35455014305109084
sigma_86:0.9449025877769562
sigma_87:0.2973058990053187
sigma_88:0.1890497280584618
sigma_89:0.8814429705708743
sigma_90:0.1861909267288295
sigma_91:-0.13063420413202922
sigma_92:-0.5746188017331397
sigma_93:-1.4267418389609174
sigma_94:-0.5698187746351892
sigma_95:0.48667191020187095
sigma_96:-0.32285885702925093
sigma_97:0.46198795579729857
sigma_98:-0.5631031071371813
sigma_99:-0.12650060147492853
