sigma_0:-1.0321259162459593
sigma_1:1.1415954127029806
sigma_2:-0.033370503403414575
sigma_3:-1.308440548126068
sigma_4:-1.8188185130929628
sigma_5:-0.8696437766118007
sigma_6:-1.4118254828247163
sigma_7:-0.09835957465249678
sigma_8:0.4085837985127734
sigma_9:0.7813281029214173
sigma_10:-0.2481243913828657
sigma_11:1.5716920643129362
sigma_12:-0.10299803221663462
sigma_13:1.3231159440383058
sigma_14:0.6254283968671203
sigma_15:0.4781074223453321
sigma_16:0.9414549304056791
sigma_17:-1.001533775568912
sigma_18:0.13754135330429854
sigma_19:-0.30960260043374965
sigma_20:1.3779484226281513
sigma_21:-1.1791370831822225
sigma_22:-0.6614079928440958
sigma_23:-1.453567922287367
sigma_24:1.8512666716440782
sigma_25:-0.044894731593898944
sigma_26:-1.1005790642361144
sigma_27:2.2730814072120045
sigma_28:-0.36902320417419016
sigma_29:-0.7053209547468001
sigma_30:1.2993054696743518
sigma_31:0.24383155566595252
sigma_32:-0.34946012124197484
sigma_33:-0.7223826573048199
sigma_34:-0.1810076687346231
sigma_35:-0.8804333840666466
sigma_36:-1.5982896855838753
sigma_37:0.5511776466791081
sigma_38:0.6774580294084086
sigma_39:-0.20837585565479158
sigma_40:-0.5232749139816214
sigma_41:-0.9935286645003272
sigma_42:0.6072704698400605
sigma_43:1.6127010561180732
sigma_44:-0.20463052878901467
sigma_45:0.43146757865969665
sigma_46:0.10639379796685848
sigma_47:0.22613646681033206
sigma_48:0.43343978638205743
sigma_49:-1.8553959554686767
sigma_50:-0.11020916536042862
sigma_51:0.7176294406422442
sigma_52:0.010323569991375061
sigma_53:-0.996967007039289
sigma_54:-0.9284011635714556
sigma_55:-0.2040115460198402
sigma_56:0.18507043762740538
sigma_57:0.730234032034278
sigma_58:-0.9076376316866862
sigma_59:0.23722365165344056
sigma_60:-0.2015942228456883
sigma_61:-0.8126092795983174
sigma_62:-0.5865850068148143
sigma_63:-0.9267942583044018
sigma_64:0.5530550970390402
sigma_65:0.4362024739907622
sigma_66:0.3121952904637474
sigma_67:-1.9992494846451334
sigma_68:0.09612810211237241
sigma_69:1.59703569757356
sigma_70:1.4543995324327046
sigma_71:0.29622083245382647
sigma_72:0.6466490203864914
sigma_73:0.36718169651251087
sigma_74:1.1196581431120787
sigma_75:0.7478172829049087
sigma_76:-0.4275724066499897
sigma_77:0.5621928938765542
sigma_78:-3.0858635957897027
sigma_79:0.6922504833239487
sigma_80:0.16221258624248353
sigma_81:-1.7643334672285715
sigma_82:0.48527258288997754
sigma_83:-0.8736922771612886
sigma_84:0.11772785753519299
sigma_85:1.2198948754307684
sigma_86:-0.6671468884567008
sigma_87:-0.7398127708049335
sigma_88:0.5624727379308038
sigma_89:1.1528232858349128
sigma_90:0.816547414234194
sigma_91:-0.5911293812672291
sigma_92:-1.0942815694704167
sigma_93:0.18385214471608
sigma_94:-0.6830358244826148
sigma_95:0.07519560937084646
sigma_96:0.546923131668179
sigma_97:1.0694379353177002
sigma_98:0.8010278689847666
sigma_99:-0.463157444331495
