sigma_0:1.0683527484863258
sigma_1:0.4318545359212438
sigma_2:-0.986057509047391
sigma_3:-0.24593784620518758
sigma_4:0.36839899031485673
sigma_5:-0.6726350955150429
sigma_6:1.0308404455606253
sigma_7:1.0592202938400606
sigma_8:0.3871930028187568
sigma_9:-0.2991481209818624
sigma_10:0.09448235519337893
sigma_11:-0.09840410371720983
sigma_12:-0.7504929170570073
sigma_13:-1.2462803626276722
sigma_14:-1.6695925799038556
sigma_15:0.08627750113659807
sigma_16:0.35855435716598666
sigma_17:0.039554115067534035
sigma_18:-0.23030953243549884
sigma_19:1.0550586021578832
sigma_20:0.9804880143106703
sigma_21:1.0098563832710243
sigma_22:0.8378200484626452
sigma_23:1.4075119218811307
sigma_24:0.778183282418026
sigma_25:0.09722682511115
sigma_26:0.25712808982278323
sigma_27:0.29464631859785556
sigma_28:-1.374771479280749
sigma_29:1.8357653050157574
sigma_30:-0.2748292114276844
sigma_31:1.6957071380215611
sigma_32:-1.555932993444394
sigma_33:1.9454123492936741
sigma_34:2.1200448895127746
sigma_35:-1.2956586599459783
sigma_36:-0.758692405784872
sigma_37:1.4594531981848453
sigma_38:-0.18283128283339337
sigma_39:0.5955844989404889
sigma_40:0.41051431562945356
sigma_41:0.4028135578070793
sigma_42:-1.9396122815340293
sigma_43:0.35123492557465297
sigma_44:0.2842635064456859
sigma_45:-1.2858699864978402
sigma_46:-0.14942301214851667
sigma_47:1.4590824394724
sigma_48:-0.8759622553768379
sigma_49:-0.9543884447206011
sigma_50:1.1038278182101577
sigma_51:-0.21932813627626827
sigma_52:-0.6069454138392799
sigma_53:0.6585563106986948
sigma_54:-2.105290030590171
sigma_55:0.3695627881025708
sigma_56:-0.1863814970020987
sigma_57:-0.8647443238905405
sigma_58:-0.747339860402791
sigma_59:0.17534563601362352
sigma_60:2.1624330356387196
sigma_61:-0.18044691262482057
sigma_62:-0.9161784083051566
sigma_63:0.9191785655215988
sigma_64:0.5891775414386293
sigma_65:-0.5452171685615725
sigma_66:-0.39195850370375906
sigma_67:0.5495923885988037
sigma_68:0.9913736646163994
sigma_69:0.6210785386761627
sigma_70:-1.1075462332191255
sigma_71:0.85593459564993
sigma_72:-1.189512592939356
sigma_73:0.6474294572773798
sigma_74:1.5973813646239494
sigma_75:0.6967335559534338
sigma_76:0.9852419203270464
sigma_77:1.4930697595943403
sigma_78:0.5299207886617864
sigma_79:1.7300089475774743
sigma_80:-1.067166780260693
sigma_81:-1.7332074902238606
sigma_82:1.265133883470063
sigma_83:-0.48823761790768955
sigma_84:0.6828177682950075
sigma_85:1.267279296767568
sigma_86:-0.6878815086311347
sigma_87:0.850381748472308
sigma_88:1.5294377598935278
sigma_89:-0.17193224634141224
sigma_90:-0.028515388620689343
sigma_91:2.0415818078525256
sigma_92:-0.5732289829681635
sigma_93:0.42594782458353175
sigma_94:1.463781860115997
sigma_95:-0.7639947039562361
sigma_96:2.110640295003722
sigma_97:1.2715853424991324
sigma_98:-0.7899808311600734
sigma_99:1.1445228557736065
