sigma_0:0.5877479704029066
sigma_1:0.29561502301535336
sigma_2:0.6949315128501303
sigma_3:-0.18917959794934835
sigma_4:0.3662745565737914
sigma_5:-0.44608950560554406
sigma_6:-0.4298175351946397
sigma_7:-0.1554250368695547
sigma_8:1.063419480849314
sigma_9:-0.15711349402108093
sigma_10:0.3037936368294581
sigma_11:0.1588602277832673
sigma_12:1.1860887860862008
sigma_13:0.8156716446085042
sigma_14:-0.2773016496131359
sigma_15:-0.5465065429362844
sigma_16:-0.9064832596583912
sigma_17:2.0040803025442653
sigma_18:1.4341104245672553
sigma_19:0.8803288098805776
sigma_20:0.9331071151661323
sigma_21:-0.1830276380492552
sigma_22:0.7970971577478014
sigma_23:0.4983346918777777
sigma_24:0.9528876338777569
sigma_25:0.5155742066200054
sigma_26:-1.2494175470165172
sigma_27:1.1739677110205822
sigma_28:1.184799346519181
sigma_29:0.17416834767883596
sigma_30:1.0443918542029447
sigma_31:0.3004599407456615
sigma_32:-2.302660093035572
sigma_33:-0.6254685983871014
sigma_34:0.2584162828631536
sigma_35:0.03590928447919538
sigma_36:-0.4047551777199126
sigma_37:0.6074658924870437
sigma_38:0.014472770364718111
sigma_39:2.0150605490272273
sigma_40:0.02191302711584666
sigma_41:0.19473591537319515
sigma_42:0.39670613516515224
sigma_43:-0.8144603383784921
sigma_44:-1.920485931389003
sigma_45:0.20568052753417296
sigma_46:0.4017954690904221
sigma_47:-1.7714165303747038
sigma_48:0.4533203471293864
sigma_49:0.3542435199868859
sigma_50:-0.0966960638435379
sigma_51:1.5240194303856291
sigma_52:-1.2437602534373473
sigma_53:-0.6422678828809465
sigma_54:-1.0701489209303097
sigma_55:0.3264419339865055
sigma_56:0.9435298479748013
sigma_57:-0.5121617301435979
sigma_58:0.4678468952525644
sigma_59:-1.611837474662466
sigma_60:0.0909255513085066
sigma_61:-0.8615242743370877
sigma_62:0.6786574629709095
sigma_63:1.458853945393048
sigma_64:-0.1564255678149176
sigma_65:1.8394730921504145
sigma_66:-0.6167845067015213
sigma_67:-0.4350975685410442
sigma_68:-0.6331728230801241
sigma_69:-1.2732408621536258
sigma_70:-0.9020928255502909
sigma_71:-1.3313182311674934
sigma_72:0.858025999591994
sigma_73:-1.1089262248341971
sigma_74:0.6244519569447333
sigma_75:-0.8408852654336455
sigma_76:1.2327456736656717
sigma_77:0.748404040344402
sigma_78:-0.17069960305438273
sigma_79:0.22718994937955625
sigma_80:0.9834349347130922
sigma_81:0.47250995306943905
sigma_82:0.9219828812189628
sigma_83:0.7742346084168481
sigma_84:0.4946317981260188
sigma_85:-1.7613667692859638
sigma_86:0.7837800527027482
sigma_87:0.6230554093044672
sigma_88:1.7712005339794943
sigma_89:-0.43412315390878187
sigma_90:-0.894213081157819
sigma_91:1.9602177604842068
sigma_92:2.213276500310383
sigma_93:0.5587733844179228
sigma_94:0.26676541326850567
sigma_95:1.2983649276296303
sigma_96:0.23821777013350512
sigma_97:1.4661901678572715
sigma_98:-0.34930251071197804
sigma_99:1.438537895011709
