sigma_0:-1.10810235639295
sigma_1:-0.8699729884177477
sigma_2:0.13998093711897894
sigma_3:-0.603523471557629
sigma_4:0.612392651795605
sigma_5:0.791923325690887
sigma_6:-0.3809694628561043
sigma_7:1.6072634022666124
sigma_8:-0.5224589320937235
sigma_9:-0.039980662356879366
sigma_10:0.6558157450640402
sigma_11:1.190540114476196
sigma_12:-0.05190301081335553
sigma_13:-2.2328864551954464
sigma_14:-0.7248591928213932
sigma_15:-0.6256522581752076
sigma_16:-0.18074868963844828
sigma_17:-1.5480728604884901
sigma_18:1.095383079420541
sigma_19:0.18967161484591918
sigma_20:0.054933799611044866
sigma_21:1.760615533937067
sigma_22:0.10052451658876346
sigma_23:-2.4310616941392285
sigma_24:0.019730722224757625
sigma_25:0.5341873776853091
sigma_26:-1.0428735068838018
sigma_27:0.11253747286560299
sigma_28:-0.7842815981948031
sigma_29:-0.053607585466921716
sigma_30:-1.1129772504957582
sigma_31:1.3667618440356395
sigma_32:-0.37839927899962
sigma_33:1.0338495621273054
sigma_34:-0.22157710861383925
sigma_35:-1.9004789879337816
sigma_36:-0.5716553911320746
sigma_37:0.3868222384982258
sigma_38:0.04237161449857921
sigma_39:0.12211460260930078
sigma_40:-1.149255199391832
sigma_41:1.0685365333163988
sigma_42:0.6850163659342146
sigma_43:1.3402860992202965
sigma_44:-0.6640925197010163
sigma_45:-0.45217419338261
sigma_46:-0.1461126675373314
sigma_47:-0.19087691021865483
sigma_48:2.310068215070526
sigma_49:0.0849606627927605
sigma_50:-2.1792856053702443
sigma_51:0.10059094684279425
sigma_52:1.4903215728343784
sigma_53:-0.8023559498173868
sigma_54:-1.107915546370853
sigma_55:-0.8764600858295893
sigma_56:-0.762386109957919
sigma_57:0.5511854363224773
sigma_58:0.10976483860266842
sigma_59:-1.6573147953007537
sigma_60:-0.672304151775263
sigma_61:0.2627898488292766
sigma_62:-0.627003839250187
sigma_63:-1.2701707823086217
sigma_64:0.09535241519710556
sigma_65:-0.3778693470785089
sigma_66:0.9019754965762534
sigma_67:-0.4058888814393121
sigma_68:-0.920924282613925
sigma_69:-0.031859800200231415
sigma_70:1.141659101856937
sigma_71:-1.091736848254828
sigma_72:1.1491031303708406
sigma_73:2.0070312208764824
sigma_74:-1.083711283034801
sigma_75:0.7838886394735908
sigma_76:2.5898888237188284
sigma_77:2.4278686148840762
sigma_78:-0.1252564884823589
sigma_79:0.2130427318857217
sigma_80:-0.3610605507249358
sigma_81:0.12287557398338857
sigma_82:-2.7188334088213044
sigma_83:-1.317867828842389
sigma_84:2.5253239116773942
sigma_85:0.052454033402902486
sigma_86:-2.2741932062272965
sigma_87:-0.5220106111010182
sigma_88:-0.6352236331290101
sigma_89:-0.9969326105615575
sigma_90:0.482978886868926
sigma_91:-0.05872846841038978
sigma_92:0.22280231756650612
sigma_93:-0.44735470426951085
sigma_94:1.7187498954201903
sigma_95:-1.1132616102582966
sigma_96:-0.0866302311893228
sigma_97:-1.99324404680838
sigma_98:0.8735445923319712
sigma_99:-0.3386332629914226
