sigma_0:-1.9858213525443251
sigma_1:0.1598944894219633
sigma_2:0.6741536601292263
sigma_3:0.2383969110338874
sigma_4:-0.5692211328321737
sigma_5:-1.51320388156433
sigma_6:-1.7754275604416199
sigma_7:0.04979407725516507
sigma_8:-1.2496208428978046
sigma_9:1.0243984845497867
sigma_10:-0.1486163566919601
sigma_11:0.36059321804438965
sigma_12:1.5573744217630947
sigma_13:0.18248375218804008
sigma_14:0.13260634555051767
sigma_15:-0.2649210801289174
sigma_16:-0.48022919753741333
sigma_17:-0.7616311394452753
sigma_18:-0.7173129978015351
sigma_19:1.125341683175362
sigma_20:2.148587844620682
sigma_21:-0.3404348103778455
sigma_22:1.0070519172988994
sigma_23:-1.5795113254450217
sigma_24:1.217977653826834
sigma_25:0.6952956753444087
sigma_26:-3.477548563002179
sigma_27:-1.1567969230902193
sigma_28:0.8726698320604874
sigma_29:0.3693362522164788
sigma_30:-0.2115871463864482
sigma_31:1.3855832699256878
sigma_32:0.6764970874559681
sigma_33:0.1185457610812929
sigma_34:-0.506959008981682
sigma_35:-0.39784064884800646
sigma_36:-1.19599256730232
sigma_37:-0.34124702990069133
sigma_38:-0.26132273523675825
sigma_39:0.009542364805578425
sigma_40:-2.2010355389384313
sigma_41:-1.3302624838464139
sigma_42:-1.2002671679692904
sigma_43:-0.39540902753554447
sigma_44:1.4708121655628799
sigma_45:-0.22767404493311455
sigma_46:-2.2756669298457437
sigma_47:0.4932434433415191
sigma_48:0.9232707720648395
sigma_49:-2.07647795684972
sigma_50:1.1915477919072488
sigma_51:-0.8687952160881779
sigma_52:1.01686637629167
sigma_53:2.280340359372604
sigma_54:1.8226052032229014
sigma_55:0.5041999904028953
sigma_56:0.49751325542173713
sigma_57:0.5198447132467303
sigma_58:0.41091240273298496
sigma_59:1.9928054345921948
sigma_60:0.7041714118305866
sigma_61:0.059437366159814084
sigma_62:-0.2632710169773647
sigma_63:0.6095858840244502
sigma_64:1.2914332470282681
sigma_65:0.4761856810287456
sigma_66:-0.8824041049925778
sigma_67:-0.9481063682680301
sigma_68:1.4415430004634269
sigma_69:0.13462413256935676
sigma_70:0.8499458852334701
sigma_71:0.6842084363704461
sigma_72:-0.10310307348038378
sigma_73:-0.9132335083969777
sigma_74:0.1582354723897809
sigma_75:0.12383339192084686
sigma_76:-1.3947918546848852
sigma_77:1.578976343560063
sigma_78:1.184380235582652
sigma_79:0.041328730990029136
sigma_80:0.9178854500276951
sigma_81:1.0490403797450656
sigma_82:-0.16617623254285363
sigma_83:0.37417511134846737
sigma_84:1.7064880508944245
sigma_85:-0.9322205150460986
sigma_86:-0.2729419424551876
sigma_87:0.6528354051496047
sigma_88:0.05589675158908291
sigma_89:-0.4419979817186037
sigma_90:-2.150197072180544
sigma_91:0.8279820652108367
sigma_92:-0.7956449399859071
sigma_93:-0.4496279609061058
sigma_94:1.879641784275022
sigma_95:0.9825678423202954
sigma_96:-0.5482292020949493
sigma_97:-0.6412906788703179
sigma_98:-2.076810524705219
sigma_99:-0.6588047152010643
