sigma_0:0.9931048868883162
sigma_1:1.3201231713901325
sigma_2:0.9530917523341864
sigma_3:0.8459048644035926
sigma_4:0.8008797823652842
sigma_5:1.155398739240192
sigma_6:1.0162209762781043
sigma_7:-0.6001052828237923
sigma_8:0.381184829759873
sigma_9:-0.596160388221402
sigma_10:-4.43546784735509
sigma_11:1.398163435907095
sigma_12:1.652459288144381
sigma_13:0.41696286956475215
sigma_14:-1.4803661517177151
sigma_15:-0.27627361778295256
sigma_16:1.7872332156625745
sigma_17:0.0989106816183014
sigma_18:1.279058073450601
sigma_19:1.1900576421957931
sigma_20:-0.9399227149788492
sigma_21:1.2568414202258171
sigma_22:0.8795941438517815
sigma_23:1.1525866291272697
sigma_24:-0.4955141411842772
sigma_25:-0.6840960646144937
sigma_26:-1.5546110958676458
sigma_27:-0.3295050020130692
sigma_28:1.3034849805461262
sigma_29:-0.9129049246068335
sigma_30:-0.4001467035093769
sigma_31:2.389667668108041
sigma_32:-2.606643085546294
sigma_33:-0.009307306511642811
sigma_34:-0.4041743313928569
sigma_35:0.12765752901304925
sigma_36:-1.103586330955084
sigma_37:0.8828676481253912
sigma_38:-0.9513276914159696
sigma_39:-0.43706003666295157
sigma_40:-0.8210685593765389
sigma_41:0.09893823059533895
sigma_42:0.3959286796864868
sigma_43:0.12438671489968096
sigma_44:-0.1243867656627029
sigma_45:-1.6456291189529233
sigma_46:0.15739362029407217
sigma_47:2.213076638383511
sigma_48:0.0058527503215889025
sigma_49:0.8840082400172329
sigma_50:-1.2671624045824181
sigma_51:1.183303246573717
sigma_52:-0.14467314491711006
sigma_53:-1.7241391310979124
sigma_54:-0.2854300380390905
sigma_55:0.5025579821772015
sigma_56:-0.45087735055169187
sigma_57:-0.12857351276704557
sigma_58:-0.7636162740004822
sigma_59:1.8011702250924582
sigma_60:0.3715710589648809
sigma_61:-0.6960376343361616
sigma_62:0.4854436342204043
sigma_63:0.6261994593752392
sigma_64:0.2686245395823047
sigma_65:-0.09793860765489076
sigma_66:-1.2251294455866968
sigma_67:0.9649570693604431
sigma_68:-0.63401791656596
sigma_69:-0.5417896452907486
sigma_70:0.08181205987793795
sigma_71:0.621967994745213
sigma_72:-1.8170494457299664
sigma_73:-0.8114351163745962
sigma_74:0.9492132463621136
sigma_75:0.96198319050417
sigma_76:-1.3169492362349353
sigma_77:-0.45936082400740835
sigma_78:-0.548774606168986
sigma_79:0.2877838565464636
sigma_80:-0.8929804600587987
sigma_81:0.24983487324355141
sigma_82:-0.18320231635199047
sigma_83:-0.4496053391855143
sigma_84:-0.1148500497340429
sigma_85:-1.1362444935657854
sigma_86:-0.2842986602893417
sigma_87:0.8555259253607809
sigma_88:-1.4312011394240773
sigma_89:-0.9415448246953961
sigma_90:1.1820312888967575
sigma_91:0.28653155327233776
sigma_92:1.4048838310179812
sigma_93:-1.0326296790357647
sigma_94:0.8538626195469616
sigma_95:-1.3719046922588047
sigma_96:0.8625711606355146
sigma_97:-0.5346947970223773
sigma_98:-0.40611329963249976
sigma_99:2.2965216852330825
