sigma_0:1.2693881726143952
sigma_1:-0.14049297884264486
sigma_2:-0.5608746389549658
sigma_3:0.48243308195636697
sigma_4:0.5957230152609356
sigma_5:0.25344999930892087
sigma_6:-0.527254653861194
sigma_7:0.623665696120379
sigma_8:-0.10218643681108133
sigma_9:0.3997381786735077
sigma_10:-0.9381479818463676
sigma_11:-2.4830710498157607
sigma_12:0.2843896910494913
sigma_13:-1.1556367082186403
sigma_14:-0.1850740182234092
sigma_15:0.06379753760835828
sigma_16:0.24320440701514373
sigma_17:0.5089742948343846
sigma_18:-0.8790526385723649
sigma_19:-1.095908965414642
sigma_20:1.4738802960500506
sigma_21:-0.5471944147045459
sigma_22:-0.001086542746067764
sigma_23:-0.5432547521344224
sigma_24:-0.8244259683532302
sigma_25:-0.8377228893304183
sigma_26:-0.27028414904807596
sigma_27:-1.1720779691924534
sigma_28:0.5932583422014839
sigma_29:-0.5289870544341266
sigma_30:-1.057139792392467
sigma_31:0.8575999910851464
sigma_32:0.06070914187599621
sigma_33:1.2823962518070464
sigma_34:-0.29727258930402256
sigma_35:-1.398390170364311
sigma_36:-0.37387525841796687
sigma_37:-1.6776215266767391
sigma_38:-1.7536708444920122
sigma_39:0.47339180166517475
sigma_40:-0.762505398872106
sigma_41:-2.943294433461493
sigma_42:0.45990049383981896
sigma_43:0.07509888008355184
sigma_44:-2.055963989481357
sigma_45:0.24217051950674398
sigma_46:1.0199072021842435
sigma_47:2.058838060442985
sigma_48:-1.5415649623893064
sigma_49:-1.1230153363345978
sigma_50:0.02177854719515104
sigma_51:-0.14419369270464838
sigma_52:0.5711865450750332
sigma_53:1.1231038385817533
sigma_54:-0.41199511594715466
sigma_55:1.587069408753739
sigma_56:0.7929259815189186
sigma_57:-1.63759129839772
sigma_58:-1.6463634848776887
sigma_59:0.6269084048445412
sigma_60:0.430431421091752
sigma_61:0.7895513059724634
sigma_62:-2.0885985359795125
sigma_63:0.08335905139994258
sigma_64:-2.2733321689903687
sigma_65:1.4360981090349567
sigma_66:0.037446662180774984
sigma_67:0.2732284203662585
sigma_68:-0.46166343009561756
sigma_69:1.8825638286569166
sigma_70:0.6068803904850444
sigma_71:0.018626278776731064
sigma_72:0.0884363700530868
sigma_73:-1.9502478117562068
sigma_74:-0.907127181640183
sigma_75:-0.9782121818166613
sigma_76:1.5038762413535232
sigma_77:-0.5856538916683585
sigma_78:1.32557372915698
sigma_79:-0.03543625696877689
sigma_80:-0.2893352146889526
sigma_81:0.7613084398016068
sigma_82:-0.44989781690396147
sigma_83:0.05990629613322781
sigma_84:2.2515765698346653
sigma_85:0.6135898047436394
sigma_86:1.8694783281256198
sigma_87:-0.09572364598726131
sigma_88:-1.5474222925682264
sigma_89:0.041816098005505946
sigma_90:1.234987405172437
sigma_91:-0.573604942228075
sigma_92:-1.6446221217645243
sigma_93:-0.3151279137427765
sigma_94:-1.7292130863405013
sigma_95:-0.7969629740690283
sigma_96:-0.5930073196199296
sigma_97:-0.5532104773803765
sigma_98:0.5603844383021842
sigma_99:0.4769556052509396
