sigma_0:0.15232482385658747
sigma_1:0.048008095366683816
sigma_2:0.4675361075119918
sigma_3:-0.3649712196709999
sigma_4:-0.9778338820088351
sigma_5:0.9250559447479091
sigma_6:-0.5169132297273338
sigma_7:-0.9644696187263553
sigma_8:1.2026771146372743
sigma_9:-0.6419901640226492
sigma_10:0.2730146403460006
sigma_11:-1.384062234008975
sigma_12:2.834581815832099
sigma_13:-0.006662486675877189
sigma_14:0.9580756139978089
sigma_15:1.934931843306871
sigma_16:0.13127599937879997
sigma_17:0.24283611590946177
sigma_18:1.0456275852409258
sigma_19:1.0651101598177197
sigma_20:0.8199754011190993
sigma_21:1.0295142546068268
sigma_22:-1.501227686455842
sigma_23:1.1577871236075319
sigma_24:-0.09056977234202393
sigma_25:0.9101312948054275
sigma_26:-0.7618147760982447
sigma_27:0.09046984202640486
sigma_28:0.07607567233522497
sigma_29:0.9560175761364629
sigma_30:-0.39443761239774794
sigma_31:-0.5126238804759949
sigma_32:-0.8048281552859898
sigma_33:-1.556963409951401
sigma_34:-0.3091742389637081
sigma_35:0.6384517548986465
sigma_36:-0.33349468856422954
sigma_37:1.8107688747232966
sigma_38:1.5099832609139947
sigma_39:0.34946324214394936
sigma_40:0.2863933688359261
sigma_41:0.6963423080733273
sigma_42:0.08102404707008336
sigma_43:-1.1313267588637277
sigma_44:0.3439632418333162
sigma_45:-0.047785910644935224
sigma_46:1.2440990428774836
sigma_47:-1.2325868282036458
sigma_48:-0.17115094595120417
sigma_49:0.7180408697090592
sigma_50:-0.15825688945148084
sigma_51:2.3059695955125754
sigma_52:-2.42726621302629
sigma_53:0.26140475038149963
sigma_54:0.4178297579616368
sigma_55:0.08028580633997186
sigma_56:0.20096552584701746
sigma_57:-0.8508190997698303
sigma_58:0.6256250164011148
sigma_59:-0.09880846246709052
sigma_60:1.6495572713053996
sigma_61:-0.6835111112015876
sigma_62:0.07141968686585688
sigma_63:-0.14355712250491867
sigma_64:-0.35803736110645473
sigma_65:-0.1220644522163152
sigma_66:-0.4382993756052021
sigma_67:0.4891871862459905
sigma_68:0.14743222717531107
sigma_69:-1.0284232166148182
sigma_70:-0.057803277388457204
sigma_71:-0.7519022047115873
sigma_72:0.13587663391451982
sigma_73:-0.4760859883116998
sigma_74:-0.8416463201424399
sigma_75:-1.0493164885683204
sigma_76:0.35458595363127615
sigma_77:-1.4071076847135295
sigma_78:2.359769935821133
sigma_79:0.5695044053505859
sigma_80:1.342406584270407
sigma_81:1.9230926475173
sigma_82:-1.9754530201958065
sigma_83:-1.1436509066422373
sigma_84:-0.5814542449946782
sigma_85:0.03579928250041713
sigma_86:0.32696014568954523
sigma_87:0.20980244062687692
sigma_88:-1.1994224494807435
sigma_89:0.7592285536697225
sigma_90:0.2741516586155194
sigma_91:1.437012207371655
sigma_92:-0.5392751380194848
sigma_93:-0.14494195596210693
sigma_94:-0.9291661258274272
sigma_95:1.9633159610748854
sigma_96:-0.6147779275418678
sigma_97:1.045772148180342
sigma_98:-0.5326598744257748
sigma_99:0.17608026089444287
