sigma_0:1.3353043192068554
sigma_1:1.50550136287111
sigma_2:-0.38309287861402125
sigma_3:-0.3454091918723294
sigma_4:-0.7310701673629246
sigma_5:-0.09086747784912584
sigma_6:0.01671023479203484
sigma_7:0.7961902728632774
sigma_8:1.1222409262101651
sigma_9:-0.7190905539107324
sigma_10:0.14443827704885376
sigma_11:0.7439271117155646
sigma_12:0.6770549413015788
sigma_13:-0.840480696211476
sigma_14:-0.5440618367306987
sigma_15:0.05362547128027066
sigma_16:-0.027053294080473776
sigma_17:-0.4596477811579173
sigma_18:0.9142078309275296
sigma_19:-0.5874099663603985
sigma_20:-0.3847099447838642
sigma_21:-0.46424528677276466
sigma_22:0.10752469128128486
sigma_23:-1.1799630133124122
sigma_24:-0.8204096314762569
sigma_25:-0.5448690939938143
sigma_26:0.8501299353056743
sigma_27:1.1428012755102077
sigma_28:-1.116732009542593
sigma_29:-2.8613508545697157
sigma_30:-0.24564897851661818
sigma_31:0.2313641848726247
sigma_32:-0.040443535124572105
sigma_33:-0.5626746047922792
sigma_34:-0.06343598803154972
sigma_35:-0.7073503287579826
sigma_36:0.08957408726897867
sigma_37:0.01662220799964514
sigma_38:-1.3893826587389781
sigma_39:1.3617833465979043
sigma_40:0.9890680861946745
sigma_41:-1.3744272036151461
sigma_42:0.10537111733579553
sigma_43:-0.992206880532296
sigma_44:-0.6141722847438309
sigma_45:-0.5863302607697476
sigma_46:-1.1543460338666136
sigma_47:-0.8975704808271967
sigma_48:0.3440572563212675
sigma_49:0.7574190629576891
sigma_50:1.6929256818554193
sigma_51:0.2339017585764873
sigma_52:-0.8963740742091478
sigma_53:-0.40901210550590245
sigma_54:-0.17340354646090939
sigma_55:0.8832419395127207
sigma_56:1.9335643304981762
sigma_57:-0.2072243556724944
sigma_58:0.5438643699369538
sigma_59:1.2326628009202352
sigma_60:-3.1599648334334294
sigma_61:1.48269157524465
sigma_62:0.31521804928336217
sigma_63:-1.19552103009494
sigma_64:0.417843827409541
sigma_65:0.5360491293649642
sigma_66:0.45438206965175676
sigma_67:-1.953925231384885
sigma_68:-0.09146505023543497
sigma_69:0.2910087663210856
sigma_70:-1.6523441662788467
sigma_71:-0.2394703970872747
sigma_72:1.407283332400324
sigma_73:-1.6887242242722686
sigma_74:0.5697037073293998
sigma_75:-0.43251688772993696
sigma_76:-0.2755591201446112
sigma_77:0.3954679203740776
sigma_78:0.5259224817511906
sigma_79:-1.2908444328176445
sigma_80:0.18392071577339764
sigma_81:-1.1308334609120647
sigma_82:0.05556861217997417
sigma_83:-2.1920923388553377
sigma_84:-1.8171458121248483
sigma_85:-2.435876549393627
sigma_86:0.09819240165374722
sigma_87:-0.40769702028423466
sigma_88:-1.63373320365074
sigma_89:-0.494696002036628
sigma_90:0.6542079388974708
sigma_91:1.3231114012130512
sigma_92:-0.09176630805598225
sigma_93:0.4100399995320444
sigma_94:0.661358562723465
sigma_95:-2.3196064063312054
sigma_96:0.3911184299607193
sigma_97:-0.6299903416406972
sigma_98:0.6534412395780839
sigma_99:0.46147417102826976
