sigma_0:0.3473981888738799
sigma_1:-2.179674106886076
sigma_2:-1.119798173662251
sigma_3:-1.4107797172282603
sigma_4:-1.3695428340232445
sigma_5:0.6482650725431487
sigma_6:-1.1595995547992537
sigma_7:-1.6443497892202126
sigma_8:-0.5470479739272287
sigma_9:-1.097601982059743
sigma_10:0.5850924242800586
sigma_11:-1.048516516576678
sigma_12:-0.43721411951656486
sigma_13:2.169393915549021
sigma_14:-0.22433358626205965
sigma_15:-0.047847663482183944
sigma_16:1.1542468591307302
sigma_17:-0.41434569907573593
sigma_18:0.18970071882942713
sigma_19:1.1402021292947564
sigma_20:-0.33895445301701055
sigma_21:-1.896691666792957
sigma_22:0.19546663102010844
sigma_23:-0.3412614256169126
sigma_24:-0.44753150448508044
sigma_25:1.4725028890824796
sigma_26:-0.8795661833801433
sigma_27:0.12997386993475343
sigma_28:0.4032055244175646
sigma_29:-0.33753589465936
sigma_30:0.45895093111031404
sigma_31:0.3763465579943887
sigma_32:1.1255598958819915
sigma_33:-1.6299630812533603
sigma_34:-0.539213365783093
sigma_35:-0.6037658164923073
sigma_36:2.242001437953725
sigma_37:-1.08467584446943
sigma_38:0.6398372380588998
sigma_39:-0.80458258102714
sigma_40:0.18776969021497641
sigma_41:-0.817636667995389
sigma_42:0.6628914960732231
sigma_43:1.0345554342426566
sigma_44:-0.40643575544114313
sigma_45:0.023139836732799336
sigma_46:0.9610682183371226
sigma_47:-0.16738638154550228
sigma_48:-0.27506292655182435
sigma_49:1.3479191235427581
sigma_50:0.37438703718966476
sigma_51:-0.7530301588277899
sigma_52:-0.9173633573190338
sigma_53:0.2302242330578216
sigma_54:0.4646121189226954
sigma_55:0.6909980644373893
sigma_56:1.0595833927040352
sigma_57:0.859639865167105
sigma_58:-1.4593106946298795
sigma_59:-2.1739387591663304
sigma_60:-0.48515457734895207
sigma_61:0.20764428716529953
sigma_62:1.6673884578806433
sigma_63:-0.19008703222625267
sigma_64:-0.45168299432370973
sigma_65:0.20380349744283713
sigma_66:0.5976727460329855
sigma_67:0.9932950632286618
sigma_68:0.611527471752624
sigma_69:-2.161655465956213
sigma_70:-1.2348776124461929
sigma_71:1.3899411494919565
sigma_72:1.0779656998079015
sigma_73:0.2929585596512368
sigma_74:-1.401179341949778
sigma_75:-0.556512035820517
sigma_76:0.621859800490438
sigma_77:-0.6826370018406668
sigma_78:1.2919607353547702
sigma_79:0.5298536495550901
sigma_80:-1.6976463074971715
sigma_81:0.3275450755768161
sigma_82:0.7246811013081337
sigma_83:0.0508337225520106
sigma_84:-0.45708960070513927
sigma_85:1.0091456175469564
sigma_86:0.8087112730682264
sigma_87:1.0157062964969779
sigma_88:0.43018185000524417
sigma_89:-0.9422416020017074
sigma_90:-0.04453236573024948
sigma_91:-1.1755723473716237
sigma_92:-1.2332011238419514
sigma_93:0.2941852453475995
sigma_94:0.8372515248628424
sigma_95:-0.00474153894984863
sigma_96:0.476415175230575
sigma_97:-0.15505852782467922
sigma_98:-1.6832695389198875
sigma_99:1.0405577808208646
