sigma_0:1.0506252055313103
sigma_1:0.33650063609981656
sigma_2:1.2830355178647623
sigma_3:-0.2944502433733134
sigma_4:-0.5659861314113755
sigma_5:-1.4456471713291772
sigma_6:2.341015663380757
sigma_7:0.022314730317864916
sigma_8:-2.0361336213096877
sigma_9:0.18005789231934713
sigma_10:-1.5939957103499913
sigma_11:1.2952558813078796
sigma_12:-0.525946292562436
sigma_13:-0.011940836665045196
sigma_14:0.9744833471610583
sigma_15:0.7422672186069376
sigma_16:-0.011010201892334566
sigma_17:1.509153134493019
sigma_18:-1.7559512079649242
sigma_19:-0.521906811963194
sigma_20:0.292822628641506
sigma_21:-0.5606692096925947
sigma_22:-1.426937364665766
sigma_23:-0.293948499024413
sigma_24:-0.4809478338559366
sigma_25:0.9808232164403035
sigma_26:0.9465866662176565
sigma_27:-0.4315045195244443
sigma_28:0.6188345642135133
sigma_29:-0.9680724477174633
sigma_30:-0.639591761272908
sigma_31:0.9591674920300756
sigma_32:-1.168407821462014
sigma_33:0.3614333085808006
sigma_34:0.5773798988356516
sigma_35:-0.17906268004889409
sigma_36:-0.9776325645625583
sigma_37:0.9444888568118739
sigma_38:-0.5545419730368346
sigma_39:0.6747650981396308
sigma_40:-1.1117288093072737
sigma_41:-1.7405201825138645
sigma_42:-0.8421425522144714
sigma_43:0.0749572370899259
sigma_44:1.9912334225560426
sigma_45:-0.5726465421757682
sigma_46:-0.6855776030370738
sigma_47:-1.2215781420127225
sigma_48:-1.442519088582184
sigma_49:0.34096510893305854
sigma_50:0.3415906476940847
sigma_51:-0.13072201212633217
sigma_52:-0.21404638737791995
sigma_53:-0.007723868099928904
sigma_54:-0.14223839137882985
sigma_55:-1.0215811572918347
sigma_56:-1.7265571810726958
sigma_57:-1.3432068640366521
sigma_58:-0.7093049596140668
sigma_59:0.12428313622927636
sigma_60:-1.580966958249137
sigma_61:-0.3802302938225242
sigma_62:0.645786683790501
sigma_63:0.4475304682630354
sigma_64:-1.3317874596512307
sigma_65:-0.17866766041070606
sigma_66:1.147767256447781
sigma_67:0.7264884256400672
sigma_68:0.2144186933701083
sigma_69:0.5094279419106987
sigma_70:-1.3715995374140455
sigma_71:0.14323303477046123
sigma_72:0.22917721848385
sigma_73:0.1505818283394661
sigma_74:0.9610593574375091
sigma_75:-0.3564712322279189
sigma_76:-1.0433052560832197
sigma_77:0.7049002946295785
sigma_78:0.9366928997632327
sigma_79:-0.27259290156726446
sigma_80:-0.36025036604373784
sigma_81:0.10261180492863362
sigma_82:0.9418020898178255
sigma_83:-0.3024551780278383
sigma_84:-0.526222756763285
sigma_85:1.8035918119282726
sigma_86:0.8779111448532969
sigma_87:-0.07358226162550849
sigma_88:0.5438320863952176
sigma_89:0.18506373817568827
sigma_90:-1.7906238912438004
sigma_91:-0.13080343997863944
sigma_92:1.0918878361973263
sigma_93:0.012377710505401481
sigma_94:-0.17775323791249686
sigma_95:0.28482420051410684
sigma_96:-0.37483597959620557
sigma_97:0.947732928650801
sigma_98:0.7312620515639275
sigma_99:-1.0519937727403192
