sigma_0:-0.937875374961994
sigma_1:-1.635763716645996
sigma_2:-0.8129220408552278
sigma_3:0.33137547147485025
sigma_4:-0.8277021159470362
sigma_5:-1.397267875735229
sigma_6:0.161757341310269
sigma_7:0.28384322011241536
sigma_8:-0.3844747160962275
sigma_9:-0.11583671505621887
sigma_10:-0.009951688814045581
sigma_11:0.09061976722463122
sigma_12:-0.05471319780220762
sigma_13:0.4069978710986502
sigma_14:-0.39948773742747584
sigma_15:2.191268774974113
sigma_16:-1.22282867440952
sigma_17:0.38901819376373453
sigma_18:0.8855435172533619
sigma_19:0.5437901183622703
sigma_20:1.4880275471283666
sigma_21:0.5382676646397783
sigma_22:1.62897471472457
sigma_23:0.3434066705894374
sigma_24:-0.9991589989390336
sigma_25:-0.6529769262629808
sigma_26:-0.17300637306507846
sigma_27:0.5243251981053253
sigma_28:-1.3738938014398618
sigma_29:-0.721075489320866
sigma_30:-0.307839586108131
sigma_31:-0.6936029272454505
sigma_32:0.6691517883187097
sigma_33:-2.0379226626385054
sigma_34:-0.7231599859010721
sigma_35:0.8832431578999218
sigma_36:-0.7243632137995236
sigma_37:-0.038994737920508754
sigma_38:0.8506224524809465
sigma_39:-0.47009114468746305
sigma_40:0.31232216806278273
sigma_41:-1.5962897773969882
sigma_42:-0.37474518821471786
sigma_43:-0.43237545364087154
sigma_44:0.716575662509881
sigma_45:-1.2932728955997446
sigma_46:0.2198809689472876
sigma_47:0.2122028918686849
sigma_48:0.8982939675180863
sigma_49:0.5597147553956446
sigma_50:1.7584339420738104
sigma_51:-0.18289172968016404
sigma_52:-0.11094841806633933
sigma_53:-1.1433317073806146
sigma_54:-1.0484778419916165
sigma_55:0.26631980049514176
sigma_56:-2.236184101575435
sigma_57:-0.36451073147974916
sigma_58:-0.13892592813392465
sigma_59:2.2674865971359353
sigma_60:-0.3521420712373932
sigma_61:0.6275284045640699
sigma_62:1.7090902910357417
sigma_63:-0.6721523584184707
sigma_64:0.17020057549602177
sigma_65:0.541846114859693
sigma_66:-1.5116112175001148
sigma_67:-1.1142550754686618
sigma_68:-0.3203282016258978
sigma_69:1.0389371576920432
sigma_70:-0.3540814391379409
sigma_71:-0.6255042197741942
sigma_72:1.086561216345007
sigma_73:0.43079878469569904
sigma_74:-0.7670093093190082
sigma_75:2.272158889960038
sigma_76:1.2223271451121507
sigma_77:0.3181340286190633
sigma_78:-1.1250745793516501
sigma_79:1.3198598829485524
sigma_80:-0.9089211581675606
sigma_81:-0.09773175353130616
sigma_82:-0.630392408698971
sigma_83:-0.19365722095807195
sigma_84:-1.1175231592514592
sigma_85:1.9713849550657168
sigma_86:0.896728166760521
sigma_87:1.2213911398080917
sigma_88:1.7587231534171734
sigma_89:-2.859861563010381
sigma_90:0.47003886447015586
sigma_91:0.1362996902209862
sigma_92:0.38029227823984274
sigma_93:-0.10409726799797603
sigma_94:2.2419317283107634
sigma_95:-1.9347155056801357
sigma_96:0.6024221364760401
sigma_97:-2.997967023660156
sigma_98:0.8728601942033755
sigma_99:0.10594521080861938
