sigma_0:1.3698661362296807
sigma_1:-1.786498099397622
sigma_2:1.2683635088230856
sigma_3:0.4563196484141928
sigma_4:1.576340218313253
sigma_5:0.16131065891877083
sigma_6:-0.2577074893253884
sigma_7:-0.8100841121907312
sigma_8:1.3263072081719214
sigma_9:-1.2526850499587558
sigma_10:-2.048933849625979
sigma_11:0.10607685677845827
sigma_12:-0.4701414170750287
sigma_13:-0.594914204260925
sigma_14:0.49342780662589153
sigma_15:-0.5352262191411276
sigma_16:1.1443912024869873
sigma_17:-1.451539590968025
sigma_18:0.8748661850349945
sigma_19:0.4898168035281733
sigma_20:0.3305072569672067
sigma_21:0.13855426635985776
sigma_22:-0.45402485845459006
sigma_23:-0.38096504349851845
sigma_24:0.7006816331864508
sigma_25:-1.3745886669509237
sigma_26:1.153693343000025
sigma_27:-0.19454736076200932
sigma_28:0.33495515553811295
sigma_29:-0.5011838900838522
sigma_30:-1.2763796139326722
sigma_31:0.11339542290330522
sigma_32:0.47730083657391886
sigma_33:-1.2937103007968513
sigma_34:-0.9746046519906127
sigma_35:-1.3419586790589464
sigma_36:-0.7886304908368721
sigma_37:-1.2972474619110022
sigma_38:1.8543604786754038
sigma_39:-1.5105208932808722
sigma_40:-1.5261414797455553
sigma_41:0.36910007985198445
sigma_42:1.5449417278173037
sigma_43:0.4912610015601153
sigma_44:-0.407854460774408
sigma_45:-0.31066015087391263
sigma_46:0.3208154977504897
sigma_47:0.5464573631439905
sigma_48:1.6793175655789925
sigma_49:0.17016735794055432
sigma_50:-1.2559262712714219
sigma_51:-0.3312866380560098
sigma_52:-0.1565731095606464
sigma_53:-0.5635196455559702
sigma_54:0.052941781856483294
sigma_55:-0.034166844942396996
sigma_56:0.6124951037632191
sigma_57:-0.6446312861054448
sigma_58:0.6738926507611227
sigma_59:0.2701677205763654
sigma_60:0.20478408759697733
sigma_61:-0.23569104844940586
sigma_62:0.3640529063714677
sigma_63:-1.1837390962297512
sigma_64:0.28468281859847083
sigma_65:-1.1509405542164566
sigma_66:-0.5180947852513725
sigma_67:-0.4423073693209279
sigma_68:0.10753240776849739
sigma_69:-1.7940203975612536
sigma_70:-0.30238784385309503
sigma_71:1.5443365373838804
sigma_72:0.5186266990284776
sigma_73:-1.2530770883471056
sigma_74:0.9614550783194522
sigma_75:0.234967643771243
sigma_76:0.15931765200308914
sigma_77:0.029555591582305946
sigma_78:-0.22864957287689539
sigma_79:0.4746721186879854
sigma_80:0.0752634167504944
sigma_81:-0.4524310983123703
sigma_82:0.8025731368012277
sigma_83:0.2674976906575266
sigma_84:-0.9345736530958139
sigma_85:-0.8852890017966011
sigma_86:-0.12313643102940164
sigma_87:0.38900837858363824
sigma_88:-0.9561022006527674
sigma_89:-0.6157104507758693
sigma_90:-0.7607189317758144
sigma_91:1.012082304154395
sigma_92:-0.45251993387784706
sigma_93:-0.0507185299170403
sigma_94:0.46956051416907874
sigma_95:-0.22435352733180797
sigma_96:0.827703426159205
sigma_97:-0.5069535944325541
sigma_98:1.9740680496636647
sigma_99:0.8174000694797482
