sigma_0:0.15049663381740205
sigma_1:0.4377672515281461
sigma_2:-1.8314603511713619
sigma_3:2.3764459970590965
sigma_4:0.3639962271344884
sigma_5:-0.6883012300413478
sigma_6:1.1208251147679194
sigma_7:0.7748878258336085
sigma_8:0.5841524596827267
sigma_9:-2.1555405735298927
sigma_10:-1.118700078704949
sigma_11:-0.7858766576645256
sigma_12:0.03414981893779247
sigma_13:-0.6173585438932765
sigma_14:-0.5071215963084881
sigma_15:1.2516148395082543
sigma_16:1.1489494737630057
sigma_17:0.22382740947976137
sigma_18:0.38341818697723157
sigma_19:-1.4297010286812253
sigma_20:0.5659544487438121
sigma_21:-1.4112107049193883
sigma_22:-0.1717710604298207
sigma_23:-0.20865029065616744
sigma_24:1.288918480295723
sigma_25:1.3307281657015129
sigma_26:-1.039729321994397
sigma_27:0.5061069876159129
sigma_28:0.010556197812465513
sigma_29:0.26047807894255975
sigma_30:1.4427485920788992
sigma_31:-0.13921292163321644
sigma_32:0.8499284205611155
sigma_33:1.2542425473271657
sigma_34:0.07253295527639521
sigma_35:0.47510106371386773
sigma_36:-0.907444312583447
sigma_37:0.9589791104822157
sigma_38:0.4461126925007475
sigma_39:-0.5933283852610113
sigma_40:-1.1744005549954208
sigma_41:-0.4514562308236018
sigma_42:-0.6992210988404206
sigma_43:1.723374999662351
sigma_44:-0.4077017405304344
sigma_45:1.2477466164090207
sigma_46:1.039788755904026
sigma_47:0.5315016598835083
sigma_48:1.4601639482924358
sigma_49:1.1218202417068988
sigma_50:-1.5591096540074376
sigma_51:-0.5186161129680554
sigma_52:-0.3870966069272024
sigma_53:-0.9062046708023576
sigma_54:-1.41084125817983
sigma_55:-1.2638849459583532
sigma_56:-1.3490545157298475
sigma_57:-0.15901617412304223
sigma_58:0.621121558742829
sigma_59:-1.648801230083853
sigma_60:0.854932117951785
sigma_61:-0.8593405402679981
sigma_62:0.6346010515416185
sigma_63:0.8657409485055274
sigma_64:1.2458540566081913
sigma_65:-0.26143028920998296
sigma_66:0.3216296343903589
sigma_67:-1.4828615741831597
sigma_68:-0.6519836874154346
sigma_69:0.7594402981982442
sigma_70:-0.9799595183749507
sigma_71:-0.7683440483687437
sigma_72:-1.565436117100372
sigma_73:-1.7255465389074909
sigma_74:0.888509420984598
sigma_75:-0.5022822738532903
sigma_76:-0.3769658159538351
sigma_77:-0.29517598026690306
sigma_78:0.9993912898293926
sigma_79:0.7969676099819857
sigma_80:0.7376732086277293
sigma_81:0.6835892378218067
sigma_82:0.07188593791155748
sigma_83:-0.9492902668825751
sigma_84:-0.0547078761218563
sigma_85:-0.38367020661542983
sigma_86:0.6856721620392701
sigma_87:-0.2883263934196275
sigma_88:0.3137080854726838
sigma_89:0.1538069545647802
sigma_90:-0.18945569312159044
sigma_91:-1.2451563849561293
sigma_92:-1.1675776988448647
sigma_93:-0.007944291935536375
sigma_94:2.2048396398802454
sigma_95:-0.754751738771905
sigma_96:0.9939784466847639
sigma_97:-0.9991244285652772
sigma_98:-0.45960020756444575
sigma_99:-0.7972783633423577
