sigma_0:-0.5386531052285543
sigma_1:-0.23384820196866116
sigma_2:-1.1301386372983606
sigma_3:1.055288870086458
sigma_4:-0.055899630933379726
sigma_5:-0.9156485993190804
sigma_6:-1.2849649379112376
sigma_7:-0.9699367297611559
sigma_8:-0.5613110432880637
sigma_9:-0.6607803781661866
sigma_10:1.7692943044987703
sigma_11:-0.8122086783415511
sigma_12:0.5650343412345112
sigma_13:1.4721338465973008
sigma_14:-0.5472802415419638
sigma_15:0.9371838793533024
sigma_16:0.983796266051834
sigma_17:-0.40801785262416884
sigma_18:-0.14548753799796174
sigma_19:-0.20823888514150046
sigma_20:-0.5265565110702192
sigma_21:-1.5885200520609533
sigma_22:0.0892635153424403
sigma_23:-0.17819978105766765
sigma_24:-0.6598939843938919
sigma_25:-0.0703220246304013
sigma_26:-0.03579335192227468
sigma_27:-0.16445781162344017
sigma_28:0.8621249932023044
sigma_29:-0.5295766945198208
sigma_30:-3.0185774765159032
sigma_31:0.8176938234114308
sigma_32:0.6348625816759776
sigma_33:-0.5578269321907421
sigma_34:0.8783847169483564
sigma_35:0.34010397579826585
sigma_36:1.7197963628087174
sigma_37:-0.4011701863799845
sigma_38:0.5798027863665135
sigma_39:-0.17794762753088958
sigma_40:1.1838210120659516
sigma_41:-0.06396203180819654
sigma_42:0.5043359593820147
sigma_43:-0.1380867815146814
sigma_44:0.8631962930941224
sigma_45:1.1533369493989354
sigma_46:-0.720171136600863
sigma_47:-0.5872860984279819
sigma_48:-0.6015724769392771
sigma_49:1.1683970315119372
sigma_50:0.7863870335618429
sigma_51:-1.5296609711674896
sigma_52:-0.45643302594633056
sigma_53:-0.5579378698915239
sigma_54:0.9280252969319976
sigma_55:-0.3822153552688277
sigma_56:1.1614207010893827
sigma_57:-0.19918531355106023
sigma_58:-0.3372116812570356
sigma_59:-1.5352291995957683
sigma_60:0.8142216792475643
sigma_61:0.06907822483888235
sigma_62:0.4969660063349987
sigma_63:1.0771197170596625
sigma_64:0.8754968713246661
sigma_65:1.1205887997566093
sigma_66:-0.12975851471432812
sigma_67:-1.192012572754327
sigma_68:1.639254805461747
sigma_69:-1.6664358363422318
sigma_70:-0.3041922654540277
sigma_71:-0.4400790039123242
sigma_72:-0.3428459080451976
sigma_73:-0.4660736193466262
sigma_74:-1.093390635398642
sigma_75:0.3453420813821968
sigma_76:0.8035737094776405
sigma_77:-2.2127805289977154
sigma_78:-1.9901007702626088
sigma_79:1.9557484772092997
sigma_80:-0.3075213610744432
sigma_81:-0.3247559913952725
sigma_82:-0.12038607376487938
sigma_83:-0.2985500955200127
sigma_84:1.528509052587202
sigma_85:-1.9445093489587038
sigma_86:0.14327215814390082
sigma_87:-0.13224603836959983
sigma_88:1.8058791506449128
sigma_89:-0.045624782271689784
sigma_90:-0.7003470164999613
sigma_91:-0.84950679802444
sigma_92:1.4118531594908488
sigma_93:-0.7322601975686754
sigma_94:-1.3722439283845478
sigma_95:0.3375796385340973
sigma_96:0.806492097702214
sigma_97:1.029652519011469
sigma_98:0.6008182311046706
sigma_99:-0.055661671107413255
