sigma_0:1.2399738338995285
sigma_1:-1.6465513874311142
sigma_2:1.1583825881393646
sigma_3:0.1592585322449178
sigma_4:3.0718200353723204
sigma_5:0.7225914184844713
sigma_6:-0.059664120825914616
sigma_7:1.4632439306894256
sigma_8:-1.2801505978417524
sigma_9:-1.220066863517098
sigma_10:-0.4601381472646092
sigma_11:-2.567282706452473
sigma_12:1.4902137012206742
sigma_13:-0.16773703651713928
sigma_14:-1.0945366263060357
sigma_15:0.04999013432753263
sigma_16:1.3216696583289647
sigma_17:-0.5407350371738731
sigma_18:0.9907805851520851
sigma_19:0.7743037317867846
sigma_20:0.23855545686689839
sigma_21:-0.7071736939867913
sigma_22:-1.3948144562754874
sigma_23:-0.8387183879945215
sigma_24:0.7920861276973367
sigma_25:-0.3932315878308503
sigma_26:0.9952851177165181
sigma_27:1.684809556099846
sigma_28:-0.5394275968953022
sigma_29:0.018290163031132935
sigma_30:-0.08745262813551749
sigma_31:-1.0105546298750385
sigma_32:-0.05462861011440099
sigma_33:0.142115664965794
sigma_34:-1.1533063615311763
sigma_35:0.36946664886210995
sigma_36:-0.8193207359147894
sigma_37:0.403834626415251
sigma_38:-0.23551333223410945
sigma_39:-0.45868666491420346
sigma_40:-0.8066887889504937
sigma_41:-1.3931519659797231
sigma_42:-0.13054470042191899
sigma_43:1.8430406359351568
sigma_44:0.3951786513467989
sigma_45:0.7863013071133674
sigma_46:-0.3127594866043871
sigma_47:-0.002710686642556523
sigma_48:0.033556203558526954
sigma_49:-2.4148306713506513
sigma_50:0.7027618124864043
sigma_51:-0.8298029956743965
sigma_52:-0.4042581354352871
sigma_53:-0.4049643256289692
sigma_54:1.1846595194159149
sigma_55:-1.048959843096634
sigma_56:1.9173567575179722
sigma_57:-1.015217539954857
sigma_58:0.5332401122181518
sigma_59:0.9732554307616633
sigma_60:0.26102289005487
sigma_61:-0.7595780385758605
sigma_62:0.35594540783598244
sigma_63:0.10683255411227661
sigma_64:0.04062275688540623
sigma_65:0.8648757170919512
sigma_66:0.7359086852212957
sigma_67:0.026707274729100856
sigma_68:1.3877413499676858
sigma_69:1.9913747035965543
sigma_70:0.9611334118651388
sigma_71:0.15115550518162396
sigma_72:1.2545686141546908
sigma_73:-0.5364285976560744
sigma_74:-0.533293771120708
sigma_75:-0.518124784333145
sigma_76:0.27576903290217675
sigma_77:0.25080569545591364
sigma_78:0.6655660093375695
sigma_79:-0.33185716372968377
sigma_80:-0.11760382952692655
sigma_81:-0.1270657415860901
sigma_82:-1.1789733673226406
sigma_83:0.7466971976773443
sigma_84:0.5967210755740529
sigma_85:-0.07357797137482631
sigma_86:0.3286579452070801
sigma_87:-1.0525246391136007
sigma_88:-1.1549663515587805
sigma_89:-1.5805845260217852
sigma_90:-0.3187302827621151
sigma_91:0.20669684175639835
sigma_92:-0.2148480016458278
sigma_93:-0.535526528264352
sigma_94:1.3827592937846582
sigma_95:-0.44497019056355513
sigma_96:0.8786308167039262
sigma_97:-0.16845622661960227
sigma_98:-0.30425923558728674
sigma_99:1.598948841991248
