initial_step:0.6456593551584462
p_0:0.7653682833253541
p_1:0.8281381706974542
p_2:0.21809856960107
p_3:0.08696166663310945
p_4:0.3525741171932206
p_5:0.3705572237669419
p_6:-0.09013414017046828
p_7:0.03157606048276107
p_8:-0.8290063209472558
p_9:0.4579339963996385
p_10:-0.43903104455865605
p_11:0.2391183571544615
p_12:-0.5182333258110841
p_13:0.4285346558873109
p_14:0.6646748693626425
p_15:-0.37879127874173313
p_16:0.23499950094705002
p_17:-0.4706270414346345
p_18:0.3113615301605206
p_19:0.1087804704459101
p_20:-0.9720335355474017
p_21:0.5949498662404005
p_22:-0.24230133282752853
p_23:-0.7104392755266467
p_24:0.03630769461622041
p_25:0.08119515827386303
p_26:0.7855097490750891
p_27:-0.8057762265253572
p_28:0.44425294920580183
p_29:-0.10404608914277302
p_30:-0.455059538623356
p_31:0.19426613560205452
p_32:-0.6098191449733261
p_33:0.49855586179919054
p_34:0.8093976599689869
p_35:0.2042686264963629
p_36:-0.38767678813873885
p_37:0.17284479045025547
p_38:0.5456690738484018
p_39:0.06882791962706869
p_40:-0.24370755005127154
p_41:-0.6983650696957899
p_42:0.5201491738122164
p_43:-0.35382462538195525
p_44:0.43783138612877104
p_45:0.42838361137122316
p_46:0.632087320012366
p_47:0.400222552100177
p_48:-0.023886286693065806
p_49:0.34241579076742745
p_50:-0.6456072327463411
p_51:0.9745712542523226
p_52:-0.31575547478693533
p_53:0.5957767409006738
p_54:-0.8241839637646198
p_55:-0.8690581759340457
p_56:0.5466292359796747
p_57:0.15022481067304772
p_58:-0.07042043732714531
p_59:0.5046540713448462
p_60:0.06797854885717469
p_61:-0.07857564467181577
p_62:-0.3566723109851011
p_63:-0.0519400132510528
p_64:-0.8403842455121324
p_65:-0.1337878767041345
p_66:0.01334240679152554
p_67:-0.2382021898129587
p_68:0.24904196605531803
p_69:-0.28122316159812977
p_70:0.38511605223055745
p_71:-0.3532091038173715
p_72:0.8127222228927351
p_73:0.33403128313564356
p_74:-0.06521880432211269
p_75:-0.1983100697118576
p_76:0.8138048436294745
p_77:0.4139689478189954
p_78:0.17825543821485645
p_79:-0.1217133930122063
p_80:-0.5526728596355963
p_81:-0.09371856178563842
p_82:0.6880604762590325
p_83:0.41116614005682584
p_84:0.737268867363881
p_85:-0.9488819313463803
p_86:0.2454463458981595
p_87:0.36220193073579954
p_88:0.018993587173810944
p_89:-0.40699034083191576
p_90:-0.7032763287604822
p_91:-0.9435485454176862
p_92:0.5415980981909427
p_93:0.39220711703363076
p_94:-0.3910817084161726
p_95:0.10736582645412884
p_96:0.7419621416414564
p_97:-0.37608906952809007
p_98:0.5043821075066037
p_99:-0.4831089105639108
p_100:0.7100942836380666
