initial_step:0.55580250209174
p_0:0.993369755464294
p_1:0.8615280497647924
p_2:-0.1432989863021561
p_3:-0.20155632393560086
p_4:-0.6205345040367318
p_5:0.25532960496543855
p_6:-0.8647222812973676
p_7:0.6033234237513054
p_8:-0.799755530341201
p_9:0.7864135288637959
p_10:0.6006432177204613
p_11:0.48035524648540995
p_12:0.07485961125798735
p_13:-0.45717249958218265
p_14:-0.17489841662247874
p_15:0.2541494067629242
p_16:-0.7049738719401464
p_17:0.3016120901886483
p_18:-0.8018347829563726
p_19:-0.7157770028299604
p_20:-0.695630379972598
p_21:0.9174425849515961
p_22:-0.8808993231989535
p_23:-0.27706303092703677
p_24:-0.025838384314904816
p_25:0.3709676059147897
p_26:0.36839976184381307
p_27:-0.18746410876093855
p_28:-0.42673305484146584
p_29:-0.008321962333706523
p_30:0.8039425742103168
p_31:-0.9643832920723145
p_32:-0.3522523901104291
p_33:0.18791000792129764
p_34:-0.17249353330060901
p_35:0.5253553722747784
p_36:0.869674563398994
p_37:0.1029680270429234
p_38:0.8923708139056077
p_39:-0.1511547914076723
p_40:-0.44951146933453856
p_41:-0.9459731403359763
p_42:0.7013443816781726
p_43:0.12049458836807814
p_44:0.3978934691360123
p_45:-0.5918558789648363
p_46:-0.6389811941300645
p_47:-0.21313586191469658
p_48:0.4799085061190371
p_49:-0.4802321659877944
p_50:0.5392516922573221
p_51:-0.8283353274603886
p_52:-0.36945337446618387
p_53:0.689867428612537
p_54:-0.8913634569224396
p_55:0.23526800837408657
p_56:0.7762996324989737
p_57:0.20607821511804025
p_58:-0.6867581348552945
p_59:-0.5730935184030101
p_60:-0.09247106005972205
p_61:0.18703937276262605
p_62:0.7479196377001793
p_63:0.2355432504543331
p_64:0.25577809523974326
p_65:-0.20870452392227778
p_66:-0.29868962563914203
p_67:0.855500062953535
p_68:-0.9650484725482342
p_69:0.6851070679112916
p_70:0.8650052414618994
p_71:0.961708576444479
p_72:0.2625683936833516
p_73:-0.6594889190742255
p_74:-0.5150300927860065
p_75:0.6949794058223493
p_76:0.45131422987755077
p_77:0.752930273516613
p_78:-0.040278174139438905
p_79:0.8932760762048344
p_80:-0.40206018533586096
p_81:0.08467401337622205
p_82:-0.5573322939957606
p_83:0.5238134575248199
p_84:-0.9021507786136798
p_85:-0.8295992239775762
p_86:-0.8651020359789034
p_87:0.9177689985674957
p_88:0.42243237147585466
p_89:0.17335984217295608
p_90:-0.40347451169746895
p_91:0.6325992933309164
p_92:0.883014334031762
p_93:-0.472859446092204
p_94:-0.35313781360500274
p_95:0.10813183066519261
p_96:-0.12158172674255496
p_97:-0.0725711705329839
p_98:0.7272876298217739
p_99:0.9285888289140305
p_100:0.08032203251511016
