initial_step:0.8758351488317067
p_0:-0.5755778075699334
p_1:-0.7214307117316296
p_2:-0.17807352364219997
p_3:-0.9655138112105046
p_4:0.8799910977400573
p_5:-0.9192451637728598
p_6:-0.11695159225548912
p_7:-0.32549606074010606
p_8:0.7815355361641141
p_9:-0.11224358660917066
p_10:0.8444079891454803
p_11:0.5565474437820459
p_12:-0.14569150962053867
p_13:-0.5829681009390382
p_14:-0.07366135632071957
p_15:-0.7034564649818342
p_16:-0.7311607708543446
p_17:-0.12785895979686535
p_18:0.43383837722412677
p_19:0.5084739792440267
p_20:0.17405305373609603
p_21:-0.30755934925259254
p_22:0.1973001313048286
p_23:0.17125191317260957
p_24:-0.1506386281518799
p_25:-0.07639055160576902
p_26:0.2459873927893652
p_27:0.034880668355636635
p_28:0.8315386181745583
p_29:0.6871606296012835
p_30:-0.8626291878864805
p_31:-0.7435902269468186
p_32:0.43148343258325395
p_33:0.17091630757439003
p_34:0.6576996356811127
p_35:-0.491491110289741
p_36:0.48089438260934014
p_37:-0.44220760853538343
p_38:-0.9406352854355917
p_39:0.9269575363212259
p_40:0.5367857065748449
p_41:-0.8947156910835499
p_42:0.9987210307307555
p_43:-0.3491735238103306
p_44:0.805062337377759
p_45:-0.0035063870604947756
p_46:0.9070338271457394
p_47:-0.591968985769004
p_48:0.849668287143013
p_49:-0.33568455856020396
p_50:-0.3515579325461924
p_51:-0.5106568406260203
p_52:-0.6225631679412311
p_53:0.07467363415952821
p_54:0.49746349648247135
p_55:0.6236517205648313
p_56:-0.8444478550372791
p_57:-0.2589850280968262
p_58:0.38099237149484155
p_59:-0.33240231750084237
p_60:0.8254325958880642
p_61:0.10643507750528136
p_62:-0.32892122928415457
p_63:0.2561609480578404
p_64:-0.6985102854032492
p_65:0.7992414636361413
p_66:-0.18826448026564213
p_67:-0.3970601838222019
p_68:0.9735704812177872
p_69:-0.2696453001205814
p_70:0.0825447603027516
p_71:0.5019025341278283
p_72:0.7428157883892224
p_73:-0.781825420078623
p_74:-0.4044832925799715
p_75:-0.7538284682576737
p_76:0.8949671913420858
p_77:0.9141282956455492
p_78:-0.2919324885040182
p_79:0.6632449514846308
p_80:-0.24700147615866275
p_81:-0.7583170704030353
p_82:0.7013780069199138
p_83:0.7745710443752378
p_84:0.0388371912994907
p_85:-0.2484748027770567
p_86:-0.5405017196991264
p_87:-0.3013309062326872
p_88:0.9387360568973571
p_89:-0.06621680877045732
p_90:0.14798162280768334
p_91:0.9449699235351445
p_92:0.07928100068610866
p_93:-0.7565232312548915
p_94:-0.06320330306785849
p_95:0.08716677734128186
p_96:0.08435787962178543
p_97:0.41310017243328745
p_98:-0.037706771060632915
p_99:-0.823946615706052
p_100:-0.6491693328188655
