initial_step:0.4554786510750688
p_0:-0.7495210341558236
p_1:-0.6031046879696753
p_2:-0.7863257660635785
p_3:-0.8418600574399373
p_4:-0.5827946509231714
p_5:0.4035758877838287
p_6:0.3897023620738804
p_7:0.33461705218455084
p_8:-0.883679206398112
p_9:-0.3879302551724939
p_10:0.13945221423182175
p_11:0.34854768788235013
p_12:0.6053256000151719
p_13:-0.2040579748083855
p_14:0.34909149838434805
p_15:0.6482711155683998
p_16:-0.10270521699224822
p_17:-0.6380276133710174
p_18:0.937510420807655
p_19:-0.17400563821380755
p_20:-0.7099285464510257
p_21:-0.6769549977885096
p_22:-0.8447179375985392
p_23:-0.4102209398291208
p_24:-0.2669894546782259
p_25:0.5850209613365802
p_26:-0.39016874285032155
p_27:0.038409479108378
p_28:0.5480345373395956
p_29:-0.7977333049122299
p_30:-0.6168093569146367
p_31:-0.7667969692513945
p_32:0.5405863019331141
p_33:-0.1532200682854672
p_34:0.27957567824198915
p_35:0.17673383896553285
p_36:0.2971089048982578
p_37:0.45880916571195063
p_38:0.5849769661457129
p_39:0.08030508798456903
p_40:0.22646043156856233
p_41:0.29578431706603414
p_42:-0.7260440138998911
p_43:0.15433285991413714
p_44:0.5399759580874897
p_45:-0.38603231788344905
p_46:0.9793316594164385
p_47:0.1533339226825816
p_48:-0.11977022446146268
p_49:0.13782198058457729
p_50:0.3529568980303033
p_51:0.7603074497294651
p_52:-0.3839143754928056
p_53:0.013526918321953074
p_54:0.4983216218854716
p_55:0.9895377081748908
p_56:0.9842819647226209
p_57:0.6846404973318341
p_58:0.7929813009487827
p_59:0.08634140426654002
p_60:-0.40795242441629376
p_61:0.48505235421884807
p_62:0.771488704547937
p_63:-0.05139218890041852
p_64:-0.7104660978470387
p_65:0.9420175763894734
p_66:-0.4945188906039484
p_67:0.059344879724491095
p_68:-0.29170119209133283
p_69:-0.8442620132571665
p_70:0.028625434896916824
p_71:0.24285765952485527
p_72:-0.4030524552367445
p_73:-0.8769736132658608
p_74:-0.8138777464592442
p_75:0.08612255638780186
p_76:0.2857176370576744
p_77:0.8484969977496997
p_78:-0.8370338109989952
p_79:-0.7853993803700834
p_80:-0.7532868659866245
p_81:-0.6599182125772791
p_82:-0.5160887901325095
p_83:-0.5244486018756935
p_84:0.9424706069661031
p_85:0.628706328145106
p_86:0.6744212295960201
p_87:-0.8479696015415703
p_88:-0.8035401851293358
p_89:-0.4001190072812264
p_90:0.6365259193744326
p_91:0.2286572332823742
p_92:0.8414078143093935
p_93:0.215627435694431
p_94:-0.0034433015272110623
p_95:0.2884760342267112
p_96:-0.286414287981269
p_97:-0.5597317377603688
p_98:-0.7152702958902406
p_99:0.5818683889052116
p_100:-0.5493510530436807
