initial_step:0.8396484966851094
p_0:0.25064827436796366
p_1:0.3094491001979711
p_2:-0.8919018182618013
p_3:0.7354997142650905
p_4:0.0015247019494848413
p_5:-0.5511235004591537
p_6:0.573760818779153
p_7:-0.46623268883249414
p_8:-0.18060046146470743
p_9:-0.5564183898652957
p_10:-0.16737591470083069
p_11:0.7296705264711878
p_12:-0.4942534782689203
p_13:0.6094941843634063
p_14:0.2820860352168728
p_15:-0.21851966190409167
p_16:-0.3107320770391029
p_17:-0.5106668875318294
p_18:0.7919632600247257
p_19:0.8011379157909024
p_20:-0.2806189144973794
p_21:0.6572485836080904
p_22:0.08214233967919915
p_23:-0.16608015090978068
p_24:-0.7913043499430892
p_25:-0.9068288067897643
p_26:-0.6634260772820231
p_27:0.2707779593128372
p_28:0.4398606936538818
p_29:0.4789939118494695
p_30:0.4030459253836993
p_31:0.7818450442579816
p_32:-0.813273155687888
p_33:0.45942060202811863
p_34:-0.2284604631904883
p_35:0.9727440998134491
p_36:0.5636615976763135
p_37:-0.3031020542310521
p_38:-0.93962646847249
p_39:-0.28442122758926147
p_40:-0.13787092787822952
p_41:0.7510173063639072
p_42:0.9136533045488273
p_43:-0.9456018115661218
p_44:-0.7474133742869387
p_45:0.44054412809317767
p_46:-0.07292671506233384
p_47:0.5631065246627316
p_48:0.847901642932781
p_49:0.8246267544795511
p_50:-0.9588212228935002
p_51:0.2373794339282278
p_52:0.12411404358949274
p_53:0.7010314139605105
p_54:0.824078171760164
p_55:0.15096606468980367
p_56:0.9639239466259075
p_57:-0.4897680764799601
p_58:0.17473585981716133
p_59:0.13867631081948106
p_60:0.08941577023922509
p_61:0.007285970513724038
p_62:-0.7229599233163664
p_63:-0.2226559942776054
p_64:0.26778240692064825
p_65:-0.15688205952054468
p_66:0.8013768722690666
p_67:0.70792185052637
p_68:-0.1754980896825089
p_69:-0.7429803810193878
p_70:-0.2922160141667163
p_71:-0.9997647988511695
p_72:0.16130085595001664
p_73:0.08709169854488064
p_74:0.5924386511955062
p_75:0.2538592412583356
p_76:-0.8716930858788676
p_77:-0.7165992042999381
p_78:0.8307186402517746
p_79:0.20987518369059766
p_80:-0.20700580341251507
p_81:0.45859680586979046
p_82:0.25733385234555994
p_83:0.8306395904466088
p_84:-0.05341455089948344
p_85:-0.7190606307061742
p_86:0.17585376095548289
p_87:0.9848540625696189
p_88:-0.9145108358218914
p_89:0.361765767663236
p_90:0.7342637928007951
p_91:-0.4445754634772441
p_92:-0.1501694857729643
p_93:-0.42189874499162205
p_94:0.5248080338941787
p_95:0.25547464048905444
p_96:-0.45451551091219566
p_97:0.9722409369470493
p_98:-0.7890205796565031
p_99:0.374500857104757
p_100:-0.6379032826354412
