initial_step:0.29966247967614124
p_0:0.8480960419502366
p_1:0.7550591668961113
p_2:-0.24711896783015908
p_3:-0.6336769925465495
p_4:0.3066049087198053
p_5:-0.6057374503343034
p_6:-0.7122053604388752
p_7:0.14499273375484334
p_8:-0.8034760883837604
p_9:-0.9951313458505533
p_10:-0.706001490750084
p_11:-0.8233091182089682
p_12:-0.1238567685478229
p_13:-0.2970116912474814
p_14:-0.4657820842532798
p_15:-0.5323250965864441
p_16:0.10675058455702557
p_17:0.8963873009623773
p_18:-0.5060636141575576
p_19:0.4894185339994235
p_20:0.7195878742128814
p_21:0.20486125850934211
p_22:0.6239760004156789
p_23:0.22289894049105485
p_24:-0.6702134740310295
p_25:0.06793201700141527
p_26:-0.22097317608912737
p_27:0.6573475828018189
p_28:-0.5171026325484964
p_29:-0.22944040422985035
p_30:-0.5576186305894328
p_31:0.7293555825354845
p_32:-0.434394769541139
p_33:0.635407819239447
p_34:-0.8890317008323565
p_35:-0.18637795873868002
p_36:0.8724793511857887
p_37:-0.8534905820039942
p_38:0.33202259479014673
p_39:-0.027315267125512577
p_40:0.3397968697258247
p_41:-0.750666357169691
p_42:-0.05470858083908947
p_43:-0.12091377433250239
p_44:-0.43987162750353437
p_45:-0.8438897922620789
p_46:0.582819979939188
p_47:0.7139891701167687
p_48:0.5404915444249301
p_49:-0.15100126416758064
p_50:0.9905313404050171
p_51:0.6453597541862652
p_52:0.552628721309844
p_53:0.9134123846486111
p_54:0.24902306756934522
p_55:-0.2248624130301231
p_56:-0.7553507893493685
p_57:0.2544860547543568
p_58:-0.44507727420636156
p_59:-0.3250276732108093
p_60:0.24542212980404354
p_61:-0.5377272747838497
p_62:0.42867244676260974
p_63:-0.4264374265379651
p_64:0.7015391937333169
p_65:-0.17843272344490613
p_66:0.11010187545319261
p_67:-0.9636538215186639
p_68:-0.7061604527551575
p_69:-0.2828057022703496
p_70:-0.1747265504185891
p_71:0.4276196837726163
p_72:0.7760288457922042
p_73:0.03067664070862519
p_74:-0.11435820049240375
p_75:0.6558489918531321
p_76:-0.7419348906248109
p_77:0.01739432495109461
p_78:0.9300307215026358
p_79:0.8547866922458311
p_80:-0.878712438412069
p_81:-0.9631006085780593
p_82:0.6964912278162605
p_83:-0.8120632728156973
p_84:0.4357142631089488
p_85:-0.6973086874780521
p_86:-0.6223045667396967
p_87:0.4983155016002552
p_88:-0.12028032358087004
p_89:-0.14775560154830303
p_90:-0.9757869813808016
p_91:0.9079580489293966
p_92:-0.9278523256235893
p_93:-0.6967866115674544
p_94:-0.8071918478979188
p_95:-0.3141283168711315
p_96:0.5031463440268138
p_97:-0.3886720298801136
p_98:0.35765320958267366
p_99:0.9568674877609382
p_100:0.7190122182696621
