initial_step:0.9844775795304047
p_0:-0.6566554585531041
p_1:0.4467518848077814
p_2:-0.33295319702023196
p_3:-0.7416669364359152
p_4:0.8671047596349319
p_5:-0.4114684267640627
p_6:0.9758285224314769
p_7:0.15637698057445126
p_8:0.7000017482716812
p_9:0.9388443594467164
p_10:0.38729723243750347
p_11:-0.7139469340934663
p_12:0.4817057191331855
p_13:-0.773124814752641
p_14:-0.17867575048501871
p_15:0.853967441757294
p_16:0.325081367499618
p_17:0.8213147951240733
p_18:0.7692537122486396
p_19:-0.5337397128645371
p_20:-0.8294342439408091
p_21:-0.3251174236618106
p_22:-0.8702612989900391
p_23:0.7727134125398816
p_24:-0.7981831162553197
p_25:0.9499971721147906
p_26:0.2762593735259684
p_27:0.8184368523015673
p_28:0.27718249862945954
p_29:0.49964726801347736
p_30:0.5469546990775629
p_31:-0.3330755115557418
p_32:-0.48685213373140934
p_33:0.6918462292540863
p_34:0.42944467595587743
p_35:-0.34531659092674083
p_36:-0.8630394461969775
p_37:-0.8902069083611166
p_38:0.9307935189498506
p_39:-0.32478323873530646
p_40:0.32863424051857204
p_41:-0.4515372871412442
p_42:-0.6759225882264166
p_43:0.12798653275061822
p_44:0.9525004247379643
p_45:0.032927866960403396
p_46:-0.1329498537407625
p_47:-0.752280167511705
p_48:0.8583658973618777
p_49:0.2237177223631921
p_50:-0.8824301877870235
p_51:0.8471561103440965
p_52:0.3045358603241144
p_53:0.964686206293804
p_54:0.6452759267444661
p_55:0.471366560509193
p_56:0.32873213245066824
p_57:-0.9346873776424043
p_58:-0.04107942648647622
p_59:-0.11472538145045341
p_60:0.5741796520154645
p_61:-0.6386850065666851
p_62:0.09022665314862244
p_63:0.4252904788704537
p_64:-0.28880302627681953
p_65:0.39784672171445434
p_66:-0.871037495679511
p_67:0.27384964110148435
p_68:0.36253185248536357
p_69:0.059346056117467016
p_70:-0.45572470274731125
p_71:0.7067543421713363
p_72:-0.8041529809193126
p_73:0.5436141563644901
p_74:-0.9822477023695866
p_75:-0.6400710052698138
p_76:-0.9604972297948222
p_77:-0.9986254833850488
p_78:-0.7171023583195695
p_79:-0.12921018691253194
p_80:-0.740407069859748
p_81:0.11733954646068767
p_82:-0.584532488775583
p_83:-0.9684870120936058
p_84:0.5213354714855754
p_85:-0.8854611456638435
p_86:-0.22094228778705793
p_87:0.9750265294117753
p_88:-0.9905260786000418
p_89:0.9571573244586238
p_90:0.4851701148061327
p_91:0.9197542504142313
p_92:0.4136189468752236
p_93:0.12730241811142662
p_94:-0.5457307550507371
p_95:-0.6674814230902737
p_96:0.5356060341370052
p_97:-0.20972926390807678
p_98:0.9943655903645674
p_99:-0.06570447433573312
p_100:0.6848085460557898
