initial_step:0.9566012973817711
p_0:0.8631665326194342
p_1:0.8705862562196709
p_2:-0.2925607615914607
p_3:0.8883108823657881
p_4:0.3356931643663088
p_5:-0.8067586717087598
p_6:0.8518894434198452
p_7:-0.5428849359030297
p_8:-0.8607965843581704
p_9:-0.6392848277942962
p_10:-0.19679808908520635
p_11:-0.44236947827016393
p_12:-0.7687016224204728
p_13:0.7761578281789765
p_14:0.7384317345392954
p_15:0.27474735928621596
p_16:-0.3872432858189432
p_17:0.06374438464678422
p_18:0.6479972139315926
p_19:-0.914785225811261
p_20:0.1183219358758485
p_21:-0.8193557846786597
p_22:0.9298152683060246
p_23:-0.4464097456017073
p_24:-0.6670973305981531
p_25:0.4294170723088919
p_26:-0.7802955986154039
p_27:-0.44564081958850377
p_28:-0.9332994567456707
p_29:-0.1870508968843092
p_30:0.4913430591276766
p_31:-0.09615257059962934
p_32:0.4191846649515425
p_33:0.7249132069442072
p_34:0.6454303966775568
p_35:-0.9647750390678866
p_36:0.9337840805222832
p_37:-0.7086073209682988
p_38:-0.0960927633925237
p_39:-0.009258531924506874
p_40:-0.4217668178122551
p_41:-0.8495790377258245
p_42:0.11736659177079889
p_43:-0.28292239886423
p_44:0.7776336204693053
p_45:0.8199677027004202
p_46:0.7548227094568494
p_47:-0.07482035831277511
p_48:0.7945479926716301
p_49:-0.21366121116893977
p_50:-0.6605483586762
p_51:-0.7428058109748277
p_52:0.7102775844361462
p_53:-0.8717945500085584
p_54:0.5278808189206385
p_55:0.11756734573596428
p_56:0.12321039114546828
p_57:0.046910809314790525
p_58:0.009749057152351082
p_59:-0.08667193956052888
p_60:-0.40574742068775516
p_61:0.8689162576979526
p_62:0.6014320052569675
p_63:0.7435720689673984
p_64:0.42954792787608587
p_65:0.40579661157828695
p_66:-0.6579801878425011
p_67:0.6494587019957654
p_68:-0.7632199929045649
p_69:0.12699123203632667
p_70:0.9828757251739415
p_71:-0.4003206581788805
p_72:0.0952424278203079
p_73:-0.7817386287598089
p_74:-0.5757168742205827
p_75:-0.33249573469176386
p_76:-0.28796440927144373
p_77:-0.27957140714776485
p_78:0.6557929300020378
p_79:-0.814946067568425
p_80:0.2923882379796736
p_81:-0.014743270612462167
p_82:0.16562713432866638
p_83:-0.6737148774353166
p_84:0.21543177295261917
p_85:0.2563492917384287
p_86:-0.14526953232652895
p_87:-0.6573223102666628
p_88:-0.8781163759615291
p_89:-0.021467765837626995
p_90:0.9423382980466319
p_91:-0.2551929696120012
p_92:-0.04483810060853477
p_93:-0.31274054369580795
p_94:-0.8595109751018561
p_95:-0.1641057449634158
p_96:-0.8219271175004934
p_97:-0.7342461727682663
p_98:0.05832862058686583
p_99:-0.13895539540421953
p_100:-0.42698147248241947
