initial_step:0.9451560968302294
p_0:0.5313943663515093
p_1:-0.8975160116636753
p_2:0.3189015204207837
p_3:0.411028872317603
p_4:-0.3194839064284889
p_5:0.5341675546736813
p_6:0.8791064394806267
p_7:0.061124850819060716
p_8:-0.9447921273676947
p_9:0.33995787369789787
p_10:-0.02848636661917059
p_11:-0.9138316024457456
p_12:-0.1560938982479232
p_13:-0.3711679764290017
p_14:-0.1231301313989841
p_15:-0.23705915559635815
p_16:-0.5307656892756087
p_17:0.16145808363018177
p_18:-0.14836237187439805
p_19:0.4720155755384581
p_20:-0.8795880389685677
p_21:0.9181482816840116
p_22:0.4168149550064353
p_23:0.5264029735225109
p_24:-0.7637590103783356
p_25:-0.38112372226577884
p_26:0.2786185871406477
p_27:0.2534187726485455
p_28:-0.2776867125094311
p_29:0.9312318131373909
p_30:0.12360828252549094
p_31:-0.09250028344186867
p_32:0.7894349014882629
p_33:-0.0426315303578928
p_34:0.5079302323851138
p_35:-0.9141362127904231
p_36:0.41024015862528884
p_37:-0.039806314636653184
p_38:0.677528426468673
p_39:-0.04009036243397701
p_40:0.02383257097484348
p_41:-0.04429958657644595
p_42:0.10353850322251135
p_43:-0.15520234177290004
p_44:-0.21043956430813582
p_45:0.034645287761482235
p_46:-0.363809070714221
p_47:0.8656036630940771
p_48:-0.2041675175075306
p_49:-0.3592301069086392
p_50:-0.07352339093733806
p_51:0.4768506837811459
p_52:0.47079327826238426
p_53:-0.6628809595422662
p_54:0.5178227016150878
p_55:-0.5433608481184176
p_56:0.4160658981057266
p_57:0.9978966687791007
p_58:0.04180426925588576
p_59:-0.49905255390642433
p_60:0.48772885585676984
p_61:0.7470054060970208
p_62:-0.5199049680388201
p_63:0.2864408804205769
p_64:0.8798980086752792
p_65:0.2505117587227421
p_66:-0.9779176611908622
p_67:-0.1331701952776827
p_68:-0.171509150741336
p_69:-0.9236395014346068
p_70:-0.8409216336147034
p_71:-0.43634505676878277
p_72:-0.6389405706775639
p_73:-0.26124751350254627
p_74:0.7176936541372807
p_75:0.1239702194788761
p_76:-0.9521888324143566
p_77:0.9711683929936283
p_78:0.0707784169328054
p_79:0.7013742840143227
p_80:0.7827104058969645
p_81:-0.5880924036198816
p_82:-0.920661681037245
p_83:-0.03963292461287393
p_84:0.9746324934898796
p_85:-0.12012423397966043
p_86:0.5074190215135959
p_87:-0.6728325205231509
p_88:0.8606985205135751
p_89:0.181767806893657
p_90:0.12751532724490477
p_91:-0.6172076436018441
p_92:-0.8759239764457367
p_93:0.01458378635253843
p_94:-0.5416861219344322
p_95:0.7855625208800985
p_96:-0.2715572994197386
p_97:-0.580042881981925
p_98:-0.10270303937816938
p_99:0.1812534231982459
p_100:-0.7313178645771612
