initial_step:0.24306330848291735
p_0:0.9891132399267417
p_1:0.13371471409842073
p_2:0.09331027204007492
p_3:-0.42142864390312074
p_4:-0.4581214510333367
p_5:0.8639830685146004
p_6:-0.8942950023656302
p_7:0.5811493530230623
p_8:0.9898340851045011
p_9:-0.6936062374783256
p_10:0.24268412121274707
p_11:-0.359738555834727
p_12:0.8379994837474907
p_13:-0.5263938340431076
p_14:-0.14961638380988074
p_15:0.8538375047937659
p_16:0.06610909104726215
p_17:0.0030853197574434166
p_18:0.15604579000440588
p_19:0.46165133109092316
p_20:0.42258349867888945
p_21:-0.22494969747778915
p_22:-0.05650083239809334
p_23:0.40891689295262923
p_24:0.3841144109874932
p_25:0.8528648781861219
p_26:0.20819802520563058
p_27:-0.8885193634406516
p_28:-0.6116601533221748
p_29:-0.22040115962404894
p_30:-0.8010221126644848
p_31:-0.03796831228795594
p_32:0.2221240437187455
p_33:-0.7898462005188087
p_34:-0.8030463080566101
p_35:-0.10849767199695592
p_36:-0.9020668739541877
p_37:-0.04860860693724112
p_38:0.9898593785749554
p_39:0.4899660246304871
p_40:0.7494271576884255
p_41:-0.7777293868891006
p_42:-0.5741936540289074
p_43:-0.9348833007595516
p_44:-0.051756440898254485
p_45:-0.7164739380098841
p_46:0.6196861879120621
p_47:-0.5621155941923588
p_48:0.03588428977822655
p_49:0.8764561521223015
p_50:0.2719942547690657
p_51:-0.8521062123377006
p_52:-0.879494833860196
p_53:0.8322452125284232
p_54:0.5125328772362268
p_55:0.04942619674686499
p_56:-0.8690830532781537
p_57:-0.9092739247799719
p_58:0.7492886614782255
p_59:0.8706630436348104
p_60:-0.07692783963616168
p_61:-0.6993728835799491
p_62:0.915348914575874
p_63:-0.4974155396299409
p_64:0.3733748283956704
p_65:-0.6136436033995003
p_66:0.01853948677059436
p_67:-0.6882319566122279
p_68:0.9950488512336813
p_69:0.5696481716902491
p_70:-0.12522047552589588
p_71:-0.9714111624949242
p_72:0.106178337565217
p_73:-0.2756466477909614
p_74:0.3183419484841825
p_75:0.5245718774881978
p_76:0.03603379609794266
p_77:0.8951035205361149
p_78:0.1868604379172376
p_79:0.5586725610132817
p_80:0.3259103107019994
p_81:-0.5471581152967351
p_82:0.067198846293125
p_83:0.3896446597680123
p_84:0.47566985187701283
p_85:-0.8439537926348486
p_86:-0.7340314437584783
p_87:-0.7328876887303688
p_88:0.09993354757421113
p_89:-0.40004504980816513
p_90:-0.8220713698901094
p_91:0.35759130780047044
p_92:-0.1469342961958664
p_93:-0.6698480099690447
p_94:0.3529800556607623
p_95:-0.23363553629383338
p_96:0.306746695838934
p_97:0.004866205464409967
p_98:0.3948235873145869
p_99:-0.4058165355049732
p_100:-0.8507192659351295
