initial_step:0.011430633708330862
p_0:-0.2973397155473365
p_1:-0.5213537785068576
p_2:-0.4041702640129632
p_3:0.21541831045521342
p_4:0.1597213290506938
p_5:-0.5977786885439673
p_6:-0.7434117820393555
p_7:0.059749299444376236
p_8:0.12460038643186522
p_9:0.06398296555296556
p_10:-0.8705566948851007
p_11:0.0851764834539066
p_12:-0.5227467486045085
p_13:-0.29566802823253546
p_14:-0.16096419006358564
p_15:0.5647020263369207
p_16:-0.9015632122851729
p_17:-0.5975928968159996
p_18:0.5087026046152832
p_19:-0.288394699302863
p_20:-0.4576971708895812
p_21:0.3240323091982844
p_22:-0.5648576817596584
p_23:-0.7094652751907069
p_24:0.6025477391326031
p_25:-0.5041078613184566
p_26:0.7223060513340083
p_27:0.8547861650859188
p_28:0.5129959217088951
p_29:-0.3064362202241293
p_30:-0.9771466601692125
p_31:0.0032348126435042257
p_32:0.022084515733202803
p_33:-0.6003575438932618
p_34:0.820518035226127
p_35:-0.33455837963423507
p_36:0.953331444386849
p_37:-0.8157805553587665
p_38:0.40832229988605473
p_39:0.505250552676102
p_40:-0.2881408453542367
p_41:0.34126302428122446
p_42:-0.6079180275551888
p_43:-0.01968985067120066
p_44:-0.8011856507668695
p_45:-0.24629814405253736
p_46:-0.9175051244869585
p_47:-0.0835769980717882
p_48:-0.6373057471244001
p_49:-0.8954875215402569
p_50:0.5610022600914935
p_51:0.7330236316335201
p_52:-0.24976817826576592
p_53:-0.16152198448990873
p_54:0.6998365132232907
p_55:0.4803592504808738
p_56:0.004064279645937363
p_57:0.321742687175826
p_58:-0.08974812849027392
p_59:0.24542542255767819
p_60:0.9984551421527379
p_61:0.610207348823532
p_62:0.7895049886287
p_63:0.32596593608925795
p_64:0.8218903621666329
p_65:-0.23298238033264962
p_66:0.7097028574038162
p_67:0.16558229591774798
p_68:0.5575639393893039
p_69:-0.923165260410846
p_70:-0.7940620805839462
p_71:-0.712566803148521
p_72:-0.4764588542729131
p_73:-0.48215219528262243
p_74:-0.14809798685470588
p_75:0.5803981153905371
p_76:0.5386889983682319
p_77:-0.29966176487645946
p_78:0.754312041509863
p_79:0.4890751831749125
p_80:0.8741824340270252
p_81:0.9236229368042912
p_82:0.6726472205732428
p_83:0.853039654448982
p_84:-0.46828157698666484
p_85:-0.4738365099539552
p_86:0.4608990581526331
p_87:-0.1156444395003915
p_88:0.053901926406221934
p_89:0.9800942847263101
p_90:-0.9999060269546372
p_91:-0.6129360599334137
p_92:-0.029477386102814362
p_93:-0.05315204660478057
p_94:-0.10452778613433256
p_95:0.5334305284476688
p_96:-0.41785688631635165
p_97:0.7902917726486267
p_98:0.5221714513123017
p_99:0.8900187313169903
p_100:0.6043239730251244
