initial_step:0.5148618813558868
p_0:-0.011343873376467917
p_1:0.17671549607989157
p_2:-0.13379748302146077
p_3:-0.7327583463417733
p_4:-0.23589046067811625
p_5:0.5597965952262494
p_6:0.8089535592197368
p_7:-0.9830915701873948
p_8:0.291168173079944
p_9:-0.1927474342484936
p_10:-0.07178177556502874
p_11:0.21683576474130906
p_12:0.12543992252408498
p_13:-0.5311357856082912
p_14:-0.08229126303155954
p_15:0.2866445587895088
p_16:-0.16856868336260056
p_17:-0.13927858804217141
p_18:0.7495172933712579
p_19:-0.6558967300213183
p_20:0.6339012007647897
p_21:-0.7089325705825056
p_22:-0.5693024999439167
p_23:-0.735281558137151
p_24:-0.16403704516478945
p_25:-0.11269101056471076
p_26:-0.6023489031865921
p_27:-0.009271639103322515
p_28:0.7105613838745914
p_29:-0.8149400012269308
p_30:-0.8803817587356055
p_31:0.5221141920005352
p_32:0.04092631310929562
p_33:0.24503060049228997
p_34:0.705359602101554
p_35:0.3131849043255883
p_36:0.7589108638638782
p_37:-0.5117077765020945
p_38:-0.5898857686678063
p_39:0.8667756348264166
p_40:-0.2786501159111372
p_41:0.310598734081891
p_42:0.28967894664041216
p_43:0.6190992215879763
p_44:-0.6866464012780849
p_45:0.8890293947540278
p_46:-0.3611607799391514
p_47:0.02488613921232674
p_48:-0.9685548308006393
p_49:-0.25382955015864006
p_50:-0.7248631655425082
p_51:0.8957097935550844
p_52:-0.8899912947527271
p_53:-0.033866766659125025
p_54:-0.17086934897742534
p_55:-0.7842464972014906
p_56:-0.020879959510665458
p_57:0.46254402716428045
p_58:0.276879358893136
p_59:-0.976131974427765
p_60:-0.8218769347616597
p_61:-0.4554594885023395
p_62:-0.026950037581477293
p_63:0.4961621454159597
p_64:-0.23910994096591387
p_65:-0.24340122959464727
p_66:0.7143388970161588
p_67:-0.5235403338803319
p_68:0.8966826828755254
p_69:-0.6692100655770639
p_70:0.7418432513581434
p_71:0.8478058382846687
p_72:-0.7557411607930642
p_73:0.25062987778289036
p_74:0.9730898042459211
p_75:0.7900556159027872
p_76:0.1238160006569331
p_77:0.9899152523802957
p_78:-0.25176631818560846
p_79:-0.9092389989410046
p_80:0.31937899414469606
p_81:0.44351869905084707
p_82:0.7551023139800106
p_83:-0.4097902877058437
p_84:0.14209247538131975
p_85:0.12076975472016205
p_86:0.5093305038636373
p_87:0.7879300540164711
p_88:0.020114623047292612
p_89:0.16880406531324454
p_90:-0.6342100027749589
p_91:-0.6104998003653848
p_92:-0.29988282233877506
p_93:-0.013604502293782739
p_94:0.23904361537275154
p_95:0.06068170825980723
p_96:0.38067821368469246
p_97:0.7517242758902491
p_98:0.1417804578451909
p_99:-0.8696360101978353
p_100:0.7910859646383475
