initial_step:0.565925068955603
p_0:-0.11841095457705286
p_1:0.5887690473300096
p_2:-0.6548153802077938
p_3:0.6521703057742079
p_4:-0.05861677341483729
p_5:-0.09228229187198767
p_6:0.6158888918805427
p_7:-0.9827197546432909
p_8:0.8472006568395245
p_9:0.6024638260444566
p_10:-0.8225243864582206
p_11:0.8230031885452798
p_12:0.41113733634382976
p_13:-0.14135909983622708
p_14:-0.10494004639222765
p_15:-0.15662583976937405
p_16:-0.39225127150975125
p_17:-0.9113103919404504
p_18:0.4107161553637997
p_19:0.8625732348143578
p_20:0.14003784635365046
p_21:-0.7554820495841508
p_22:-0.41115696093467813
p_23:0.8512827392449474
p_24:0.9388179946312771
p_25:0.918716044994345
p_26:0.6593384226225918
p_27:-0.7252681737620934
p_28:0.7622831657420317
p_29:-0.9207057259596256
p_30:-0.9450867586177389
p_31:-0.6036482397259917
p_32:0.3742104825879269
p_33:-0.0948543607046457
p_34:0.6335802452654007
p_35:0.4967095961538277
p_36:0.6441160149107232
p_37:0.6993548701841927
p_38:0.428426219365561
p_39:0.31680333942018346
p_40:-0.3613683668821055
p_41:-0.6621109006163892
p_42:0.6593387601714586
p_43:0.34130043963697565
p_44:0.5686186453848074
p_45:0.5665339306721657
p_46:0.9353312814613832
p_47:0.9318753251868532
p_48:0.16100657919044048
p_49:-0.7696490132423754
p_50:-0.32233411289733627
p_51:-0.8456688292788732
p_52:0.10541092671889185
p_53:0.6240117486350056
p_54:0.6494204621639288
p_55:-0.08722353824644968
p_56:-0.1402699849880742
p_57:-0.4773941368784793
p_58:-0.07657489064135814
p_59:-0.7481439188256129
p_60:-0.10631797875556726
p_61:0.3190407960305468
p_62:-0.70640372411543
p_63:-0.3163282603401738
p_64:0.24017357009489593
p_65:-0.6443631789956685
p_66:-0.8831747340059897
p_67:0.4021942243709957
p_68:0.06405487072355842
p_69:-0.787953478366902
p_70:0.0044458864056098335
p_71:0.6619150446565114
p_72:0.7318796767029709
p_73:-0.0771926724490426
p_74:-0.001998414533360693
p_75:-0.3933131907035219
p_76:0.9514882417439197
p_77:0.3545575672220742
p_78:-0.031167490019453403
p_79:-0.6958336998791921
p_80:-0.48227502927178634
p_81:-0.2865903701406365
p_82:0.881332998191316
p_83:0.40584684447940944
p_84:-0.8405803102349154
p_85:-0.33186539692545436
p_86:0.6126557428113231
p_87:0.3186219672631787
p_88:-0.6458172579459462
p_89:-0.14011203551173823
p_90:-0.5017884636417209
p_91:-0.21734405345137242
p_92:-0.2943100542319226
p_93:-0.9996659264966177
p_94:-0.835353640310468
p_95:0.9824614783903998
p_96:-0.21734587415172668
p_97:0.11609607713274572
p_98:0.7578442133749783
p_99:0.31671027570768095
p_100:0.21002218071081558
