initial_step:0.2436348009408711
p_0:0.959451370431883
p_1:-0.318630850403784
p_2:0.14536647413021808
p_3:-0.33232175728804103
p_4:0.8048215325861414
p_5:-0.17836859387685844
p_6:-0.9882811972702807
p_7:-0.7555239170267622
p_8:-0.31212621074696756
p_9:-0.8806064648415335
p_10:-0.16645923636765647
p_11:-0.6962780670668507
p_12:0.1598817701892754
p_13:-0.6931871706730108
p_14:0.9821828632155585
p_15:0.5293676585999001
p_16:-0.07540247426703361
p_17:-0.5818932986614356
p_18:0.6466386288228025
p_19:0.4547527908596991
p_20:0.30028969161647656
p_21:-0.5904144835492677
p_22:0.13015071663181788
p_23:-0.136202338660387
p_24:0.6930423446187706
p_25:-0.7644639662915502
p_26:0.1829769847511955
p_27:-0.2732055866101828
p_28:0.6977179380370124
p_29:0.08034865671675884
p_30:0.7666259732178398
p_31:-0.22745871511642646
p_32:-0.39511027722195835
p_33:0.3518356868372401
p_34:0.3263308909334477
p_35:0.9293181215491548
p_36:-0.09512986000228207
p_37:0.10965213493830639
p_38:0.3009507045250124
p_39:-0.05588991269526722
p_40:0.398479648725111
p_41:0.1884113961477456
p_42:0.830190975668649
p_43:-0.06217785496182948
p_44:-0.8130906162331974
p_45:-0.901780933943408
p_46:-0.004614074520824962
p_47:0.9858956443427256
p_48:-0.2413791983765987
p_49:-0.6872687208234158
p_50:0.461442392100772
p_51:0.9337816925814983
p_52:0.7281271106283111
p_53:-0.2036004154529747
p_54:-0.7439006282590286
p_55:-0.7353173951393404
p_56:-0.7723145676875853
p_57:0.6633814558371485
p_58:-0.5633657298223438
p_59:0.31257175446834395
p_60:0.1598629146718087
p_61:0.8536671652089529
p_62:0.2023671930884683
p_63:-0.946665889849087
p_64:0.9729035172922917
p_65:0.3543967654889508
p_66:0.7256377840529877
p_67:0.3899906389872039
p_68:0.8312004636681505
p_69:0.12516404607020393
p_70:0.8927915351809603
p_71:0.7529272611021531
p_72:0.7806478500527161
p_73:0.08904084973140058
p_74:0.6509816270798277
p_75:-0.08738361383805815
p_76:0.3441711081305878
p_77:0.8933534913794745
p_78:0.9315447982272653
p_79:-0.8486522506434597
p_80:0.7319487728031457
p_81:0.2693309590783475
p_82:0.7275524623525371
p_83:-0.9717016991241623
p_84:-0.9933009139783617
p_85:-0.014269151363248023
p_86:0.5123461613600377
p_87:0.24210336556093748
p_88:0.28637340086563223
p_89:-0.7994116363370449
p_90:-0.7777306870748755
p_91:-0.8398299765249695
p_92:0.023197580556721054
p_93:0.5848510391101394
p_94:-0.4883532452542325
p_95:0.18715093233022362
p_96:-0.8577885944328809
p_97:-0.13972573129100052
p_98:-0.27743615537013366
p_99:-0.7344616997071909
p_100:0.5369961045658875
