initial_step:0.9240013815328182
p_0:-0.6816780218940146
p_1:-0.5078219441928025
p_2:-0.8177394844448211
p_3:-0.005224167683707037
p_4:-0.08312077000092466
p_5:0.33664182010777033
p_6:-0.8591723951496701
p_7:0.2082271412976533
p_8:-0.7788297336714982
p_9:3.3632495360258474e-05
p_10:0.09408374735268521
p_11:-0.9796414444610588
p_12:0.7687874053227015
p_13:0.9762361043128147
p_14:0.1499062371174873
p_15:0.5034819694460662
p_16:0.49857851625685257
p_17:-0.04883182958020216
p_18:-0.19625810906636132
p_19:-0.3936414965144368
p_20:-0.223978146434755
p_21:0.07718886658179702
p_22:0.07073264679580449
p_23:-0.6365233886018848
p_24:0.3899959979536365
p_25:0.34394963371492326
p_26:-0.14229833057204178
p_27:0.7462453991775384
p_28:0.6023068196148222
p_29:0.3756203579203856
p_30:-0.04254099613767193
p_31:0.008673854362439837
p_32:0.06698450030081537
p_33:-0.15383907629023286
p_34:0.4391154607255112
p_35:0.35649309837715193
p_36:-0.6647789118030547
p_37:0.46735505961849944
p_38:-0.5601662872854363
p_39:-0.2166835479720004
p_40:0.674208815823514
p_41:0.6225340333118474
p_42:0.9807821524650422
p_43:0.9730160103868581
p_44:-0.8686189839143492
p_45:-0.7259600930789669
p_46:0.41333721650689115
p_47:0.7478120315675001
p_48:0.19685865661300084
p_49:0.5693201510559027
p_50:-0.6611659301249799
p_51:-0.14275738576846386
p_52:-0.10371945697185558
p_53:0.569061034579087
p_54:0.044518388275998744
p_55:0.639390677472583
p_56:0.33601206204044876
p_57:0.48387986543594796
p_58:-0.254978004934179
p_59:-0.02484328222788279
p_60:-0.17078337017038625
p_61:0.03744212866177521
p_62:-0.5056806699197882
p_63:-0.53241832193566
p_64:-0.32414051138352207
p_65:-0.7131098714354636
p_66:0.3276502186107575
p_67:0.07641557135941301
p_68:0.9711561746131065
p_69:-0.014978761074746494
p_70:-0.8738923474974909
p_71:0.019349228540100682
p_72:0.5318692311849744
p_73:-0.057729652744108906
p_74:-0.9520171202059293
p_75:0.12467980403672652
p_76:-0.44539907919946997
p_77:0.053953392179629356
p_78:-0.9668694425379787
p_79:0.4636955700078149
p_80:-0.01422269443470725
p_81:-0.28981023823236174
p_82:-0.23766286435376616
p_83:-0.8258538975464478
p_84:-0.43187071222902906
p_85:-0.10546040113724864
p_86:-0.03309945732334851
p_87:0.10561100179460814
p_88:0.08376920753914585
p_89:-0.2240818609545836
p_90:-0.8270694453304224
p_91:-0.6334131515075307
p_92:0.46979893198561995
p_93:0.3931825773983717
p_94:-0.575511221414404
p_95:-0.6234012755380427
p_96:-0.8531362268104221
p_97:-0.5819982948099969
p_98:0.9779059721956078
p_99:0.37869052158854033
p_100:0.8611718193931084
