initial_step:0.037519366354944794
p_0:-0.6945445786929667
p_1:-0.10686432626082576
p_2:-0.8975093768343938
p_3:0.6352582899032524
p_4:0.5437799778660719
p_5:-0.5436667515154958
p_6:0.8529294310453401
p_7:0.92656118907839
p_8:-0.4395593912101512
p_9:0.740886471558037
p_10:0.06283320956744909
p_11:-0.4883473777116625
p_12:0.804333933498506
p_13:0.7105193401110133
p_14:0.07864800860390897
p_15:0.7264399972716991
p_16:0.8984282468395872
p_17:-0.1470987305713205
p_18:-0.5087298744658739
p_19:-0.26176248063801544
p_20:0.873903126422882
p_21:-0.38466494854264854
p_22:-0.5014394522537082
p_23:-0.28689138095873346
p_24:0.979106255033001
p_25:-0.5918179930288565
p_26:-0.04519712224505712
p_27:0.43347515964885464
p_28:-0.9120155763329878
p_29:0.47670224159550534
p_30:0.42486005381953507
p_31:0.8283108288663439
p_32:-0.7133090252877645
p_33:-0.7246594015301755
p_34:0.4564127481967586
p_35:0.08948038156175087
p_36:-0.659578203059322
p_37:0.8823416610842247
p_38:0.6913013246604258
p_39:-0.745095933079762
p_40:-0.8974683364343692
p_41:-0.4367374604699479
p_42:0.5744112146578106
p_43:0.024779976343249244
p_44:-0.2381621219966994
p_45:0.48612588013126445
p_46:-0.9649822767618892
p_47:0.9785957615514909
p_48:0.15921209222214183
p_49:0.06254446765586086
p_50:-0.3343812878550785
p_51:0.5830574783797053
p_52:0.6998676577261473
p_53:-0.7977546290557171
p_54:-0.6996655916416079
p_55:0.2367280949092856
p_56:-0.1129747536915513
p_57:0.37880866211567144
p_58:-0.04328191857914354
p_59:0.565734616749656
p_60:0.3139782882372937
p_61:-0.19645083600508673
p_62:-0.7615132233793953
p_63:0.5409148322242825
p_64:0.42406894706223874
p_65:-0.046771090178608254
p_66:-0.6160497442425734
p_67:-0.3986681351691008
p_68:0.7559191544938018
p_69:0.40368203012020665
p_70:0.6505903769939503
p_71:0.3704592606117847
p_72:-0.20815513311840195
p_73:0.4450440220388532
p_74:0.24740126090388959
p_75:0.8961610338697492
p_76:0.05140957147507064
p_77:0.7538295100053984
p_78:0.47613777530713053
p_79:-0.06882232679414657
p_80:0.7960026858479541
p_81:-0.7015975564059893
p_82:0.9255947039445147
p_83:-0.6213669788769134
p_84:0.062229634677827494
p_85:-0.0005151259116542573
p_86:-0.5971079766217187
p_87:-0.9907788634655406
p_88:-0.549241724710174
p_89:0.7696665579318804
p_90:-0.20199921700682455
p_91:0.2134513722780167
p_92:0.12824993069319368
p_93:-0.8916806230989691
p_94:-0.10047495368404769
p_95:-0.8244754979126616
p_96:-0.7613518249648261
p_97:0.8496766230230492
p_98:0.15170506891203872
p_99:-0.384712051082041
p_100:-0.9506734366286773
