initial_step:0.8324088653311672
p_0:-0.46000488257932903
p_1:-0.3690631804984119
p_2:0.2618702592302735
p_3:0.8545588031770743
p_4:0.41491220972158915
p_5:-0.08986119738042442
p_6:0.7933497485274821
p_7:-0.9942190528640866
p_8:0.9272652613447936
p_9:-0.35070732239783986
p_10:-0.12637927531829152
p_11:0.45444733124742176
p_12:0.9908546464055092
p_13:-0.15733806405937223
p_14:0.5516314936354232
p_15:0.0882950264110629
p_16:-0.09806881148269464
p_17:-0.5910914491177301
p_18:0.07100500569800494
p_19:0.8471175783365434
p_20:0.007259251534948108
p_21:-0.8075901465098134
p_22:0.30536273937286174
p_23:-0.4213551138376046
p_24:-0.5263480816547255
p_25:0.9327403830449117
p_26:0.29449972539762714
p_27:-0.0733146110141738
p_28:-0.8697285937067827
p_29:0.2157012329983934
p_30:-0.688345469459726
p_31:0.6668596111684915
p_32:0.6627379563340201
p_33:0.6113002348456997
p_34:0.44290180101695253
p_35:0.17748279330907324
p_36:-0.1710435197025142
p_37:0.37063323923205305
p_38:0.4397220630707779
p_39:0.23153185890718642
p_40:0.7281491783446026
p_41:-0.22726459387886244
p_42:-0.35701475052989196
p_43:-0.012078941810407029
p_44:-0.09804284733651913
p_45:-0.20643455067120042
p_46:-0.7818292767165862
p_47:0.10972170839112017
p_48:0.06653613116410684
p_49:0.17139102297024134
p_50:0.1332780594609808
p_51:-0.6865893095694966
p_52:-0.506741190199467
p_53:-0.8317109701474603
p_54:-0.011858286332358636
p_55:0.1526391719366147
p_56:0.07847095179080488
p_57:-0.029275551527777166
p_58:0.3567621103487917
p_59:0.683062182641109
p_60:-0.15113210485248407
p_61:-0.5902509419433568
p_62:0.769966960721169
p_63:0.12985137335776842
p_64:-0.6250877169334832
p_65:0.7466146115211669
p_66:0.2741452735386498
p_67:0.23993997480901896
p_68:0.6378675868081312
p_69:-0.5519857122258449
p_70:0.8411538044545188
p_71:-0.7839360205800707
p_72:0.8251417404781076
p_73:-0.5733938371153513
p_74:0.9983266532192314
p_75:0.6691922960761205
p_76:0.7633529443250284
p_77:-0.8383276662649346
p_78:-0.24325012177357963
p_79:0.07242481578905768
p_80:-0.7554877057148504
p_81:0.36920713394991567
p_82:-0.6622006672111975
p_83:-0.38617168248794975
p_84:0.5916316266258961
p_85:0.8565931523677208
p_86:-0.9491957309695411
p_87:0.7905391679821894
p_88:0.6561090170477923
p_89:-0.8846153151663627
p_90:0.8000297446427647
p_91:-0.13449361012777428
p_92:0.5709697556792683
p_93:0.18994269685207743
p_94:-0.3867089958813641
p_95:-0.36795091470927166
p_96:0.12279428144897375
p_97:-0.4561240104827977
p_98:-0.7163603292493357
p_99:0.9087218554410632
p_100:0.49409047747392876
