initial_step:0.9594831788842637
p_0:0.09030995712925605
p_1:-0.9140284379263781
p_2:-0.5380675926044589
p_3:-0.0042862663506624266
p_4:-0.08836342554087295
p_5:-0.488567896732534
p_6:0.6769866931066812
p_7:-0.48407138483218026
p_8:0.03031648822890376
p_9:0.7796427065878027
p_10:-0.8468823602338029
p_11:-0.2857518689101062
p_12:-0.2924869897005271
p_13:0.9437852430140812
p_14:0.1376217768880914
p_15:-0.3200294189854864
p_16:-0.504090903587052
p_17:-0.6837845455678162
p_18:0.954608513124225
p_19:-0.3981467497938167
p_20:-0.35040901472479247
p_21:-0.8852582177258137
p_22:0.6397945682562709
p_23:0.9374880647236263
p_24:-0.4799274624320793
p_25:0.9226445397839027
p_26:-0.2059301975140415
p_27:0.2892670307291343
p_28:-0.00337475642106555
p_29:0.5316945170631988
p_30:0.3251178415399598
p_31:0.27593729156543767
p_32:-0.19351505331580698
p_33:-0.36267954604124153
p_34:-0.924261104891344
p_35:0.1094590520753087
p_36:0.8374934397922953
p_37:-0.8577616711725256
p_38:0.4967660840947383
p_39:-0.9146618544396292
p_40:-0.5289520245851143
p_41:0.8871770265782248
p_42:0.22846122067691765
p_43:0.32490272987690383
p_44:-0.8853258007467686
p_45:0.6059366540571154
p_46:0.3729330462950937
p_47:0.6432532029659528
p_48:0.3474095745698582
p_49:-0.408806341612999
p_50:-0.8065673427341089
p_51:-0.2743352381878501
p_52:-0.7648641303523407
p_53:-0.2140860321678233
p_54:-0.4020152922358211
p_55:0.44895269035893115
p_56:-0.9180597013554233
p_57:-0.6623706562544394
p_58:-0.6883227790621818
p_59:0.1503243008092634
p_60:0.17247821553185538
p_61:0.9119362926195633
p_62:0.661464703850237
p_63:0.5695522190212239
p_64:0.7060150782127617
p_65:0.08964020849957732
p_66:-0.5765474299043045
p_67:-0.48502577070346176
p_68:0.20972728879081992
p_69:0.8505215676558433
p_70:0.908026992554785
p_71:0.5346851670160719
p_72:0.5142472100783353
p_73:0.12626083371093122
p_74:-0.6362148683160087
p_75:-0.20525510368252475
p_76:0.781732552082546
p_77:0.6062051790794061
p_78:-0.7675909859884664
p_79:0.08223750355799431
p_80:-0.3420362090286706
p_81:0.04738952235518301
p_82:-0.04133245718266565
p_83:-0.459124620606413
p_84:0.18640211985514465
p_85:0.7822852338468147
p_86:0.9764873314721232
p_87:-0.36765679822000874
p_88:-0.31489338158763003
p_89:-0.9307619806513152
p_90:0.04078000985901453
p_91:0.6005012923978528
p_92:-0.27283474119046924
p_93:-0.4704344252228745
p_94:-0.8193260934635611
p_95:-0.6035997389449472
p_96:0.040356761129251906
p_97:-0.3642963585183787
p_98:-0.563793406627886
p_99:-0.9020485341706479
p_100:0.35770180943108176
