initial_step:0.6918899960354093
p_0:-0.36866803009716764
p_1:-0.04369781155981589
p_2:-0.9646202022853907
p_3:0.8405944548447848
p_4:0.20814624389160596
p_5:0.9517614550554134
p_6:0.21270111676790804
p_7:0.919232631193351
p_8:0.6778736407640455
p_9:0.7639097515291877
p_10:0.980683823926132
p_11:-0.32666410228706755
p_12:-0.45583882033856526
p_13:-0.14417627989479986
p_14:-0.5837323391598948
p_15:-0.1810025515724556
p_16:0.19420710027483978
p_17:-0.5265360854743217
p_18:-0.8855129575177465
p_19:0.379076309207931
p_20:-0.6264698644932203
p_21:0.6605588416716419
p_22:-0.07430812323909897
p_23:-0.9720353377449629
p_24:0.2848078029403862
p_25:-0.5868269372171526
p_26:-0.9151904080693263
p_27:0.4254038943104905
p_28:0.49687902829891084
p_29:-0.9769789205503607
p_30:-0.31557989397088804
p_31:-0.09516334975172147
p_32:-0.7557431775563836
p_33:-0.5681083137959007
p_34:-0.5384613739922319
p_35:0.8656629027853266
p_36:-0.11636839934008014
p_37:0.2813378380896363
p_38:-0.6459629794621067
p_39:0.29793369683655824
p_40:-0.4612794156555102
p_41:0.3401451211069946
p_42:-0.5027569404955006
p_43:-0.4366194629616744
p_44:0.7739846716835188
p_45:-0.4928084281570291
p_46:-0.21231068797879749
p_47:0.8874230053513705
p_48:0.5758849168833684
p_49:0.26815757151298136
p_50:-0.3561678821321015
p_51:-0.5854404846982553
p_52:0.04254889535492734
p_53:0.43959342921449873
p_54:-0.9316905408100802
p_55:-0.6888876619999709
p_56:0.44874594553612845
p_57:-0.245461205912608
p_58:0.650485843160669
p_59:0.9192630979719134
p_60:-0.11519135734080566
p_61:0.37421861655692146
p_62:-0.3690792357704147
p_63:0.5009464331018973
p_64:-0.2616587623623805
p_65:0.7722643034270855
p_66:-0.8766077284340641
p_67:0.021601175009663853
p_68:0.46092603335783067
p_69:0.47415169791783085
p_70:0.30737323785410475
p_71:0.5673209704573272
p_72:0.812131697836509
p_73:-0.9705091311169323
p_74:-0.9185015107394561
p_75:-0.8459806856203673
p_76:0.04680839676461268
p_77:0.6371180096071318
p_78:0.16873349840050844
p_79:0.16552442762773456
p_80:0.9071247657326258
p_81:-0.044775822120167286
p_82:0.6761464736017777
p_83:-0.14522613487876113
p_84:-0.6746240504892509
p_85:-0.2416035594414332
p_86:-0.26323244719522676
p_87:-0.20368091513569841
p_88:-0.7798581566273626
p_89:0.6322651382528011
p_90:0.27723552077365254
p_91:0.044510695462107064
p_92:0.17330126285866299
p_93:0.5117931106409759
p_94:0.6437869421147953
p_95:-0.25550511791793173
p_96:0.8344231083920401
p_97:0.0602745008723784
p_98:0.6755497145281966
p_99:-0.5482072214091982
p_100:0.8673013267625818
