initial_step:0.48470100746778666
p_0:-0.9743820777853682
p_1:0.5222091449979687
p_2:0.8509884019539047
p_3:-0.007212679746095629
p_4:0.557290025848771
p_5:-0.16748381826008485
p_6:0.8568905159377977
p_7:-0.8980563942743764
p_8:0.5230801608702125
p_9:-0.9228609316162595
p_10:0.920354102551165
p_11:0.20252209258602205
p_12:0.8724701576174267
p_13:0.4671061994062746
p_14:0.8047603026871251
p_15:0.7589722709875433
p_16:0.31357467844531617
p_17:-0.11435454941932366
p_18:0.7741281640823399
p_19:-0.27068365971285124
p_20:0.6761018518998523
p_21:0.7604967723205232
p_22:-0.48383825250272894
p_23:0.4474050476704192
p_24:-0.9261413658926487
p_25:-0.9908297644349615
p_26:0.3122097256796377
p_27:0.45246250680603617
p_28:0.9542440500081664
p_29:-0.25893018158426906
p_30:-0.5505403072004127
p_31:0.6299234692915603
p_32:-0.5852833910157391
p_33:0.08268000283786803
p_34:0.6673281052138653
p_35:-0.9671619730802732
p_36:-0.6634746732431882
p_37:-0.8101896875921759
p_38:-0.18924591269112745
p_39:-0.5559731506188164
p_40:-0.0011960953652705442
p_41:-0.6941096193159424
p_42:-0.06999334604313368
p_43:-0.20925172735851083
p_44:-0.5791408390697221
p_45:-0.35121161650609145
p_46:-0.6702413906491014
p_47:-0.005113671650740725
p_48:-0.9499254040521155
p_49:-0.06527063954139978
p_50:0.7955482741364917
p_51:-0.44198528911008284
p_52:0.7997216118910102
p_53:-0.09025300617581133
p_54:0.8183761321530669
p_55:-0.14592825114201102
p_56:0.44714884109592656
p_57:-0.2075592625581697
p_58:-0.8128921930988278
p_59:-0.8202303101229393
p_60:-0.13036613533127883
p_61:0.7595787455377974
p_62:0.033949306931567946
p_63:-0.9952284128272504
p_64:-0.6284851963383735
p_65:0.894022772594468
p_66:0.08562674746600552
p_67:-0.302836133467574
p_68:0.06553079820865859
p_69:-0.02213989050237175
p_70:-0.6916397374209322
p_71:0.655122334645807
p_72:-0.6891575277253228
p_73:0.8301416259187762
p_74:0.9246268829332538
p_75:-0.8822452636877813
p_76:0.3630176140526078
p_77:-0.6049884066645599
p_78:0.6118721413132466
p_79:0.04628343552540737
p_80:-0.19683989945182434
p_81:-0.8578106263442311
p_82:0.48528878171099965
p_83:-0.9312463232457779
p_84:0.17646385915642337
p_85:-0.09375673532036566
p_86:0.026466985375853236
p_87:0.8071943761427947
p_88:-0.751882051481169
p_89:-0.4860149398688971
p_90:0.9566414565244374
p_91:-0.8627400752601102
p_92:0.5692052278444615
p_93:-0.17378591795757625
p_94:-0.5972680233904353
p_95:0.34945587552555857
p_96:0.6421310735658496
p_97:0.045250725553712234
p_98:-0.7092963010252993
p_99:-0.006289575688822602
p_100:0.9241674223462628
