initial_step:0.39418857212180436
p_0:0.3184805188704316
p_1:-0.3418945850940791
p_2:0.7708500057284968
p_3:-0.9219955800778392
p_4:0.10299098539886886
p_5:0.6309030531521356
p_6:0.5446583005635559
p_7:-0.3284179414102637
p_8:-0.931030814867351
p_9:0.660384259324877
p_10:0.31197237890097274
p_11:0.6639629946198973
p_12:0.6492817383270217
p_13:0.6160932514235091
p_14:-0.36357806081135546
p_15:-0.38199535134643714
p_16:0.5241872404065435
p_17:-0.8988514536943608
p_18:0.11342899405123075
p_19:0.1853219276561764
p_20:-0.37562823933431777
p_21:-0.8353828342827048
p_22:-0.0605233855830698
p_23:0.9379538076009242
p_24:0.4517667043100979
p_25:0.5378018441092765
p_26:0.12092439556203138
p_27:0.7202975686769688
p_28:0.2803686931810523
p_29:-0.8242399075940119
p_30:0.85160047325356
p_31:0.7746249311847637
p_32:0.4784547630301472
p_33:-0.9479209676466156
p_34:-0.2971730032004445
p_35:-0.6938911496516789
p_36:-0.7104408564772056
p_37:-0.8406432794441316
p_38:-0.9283444759509045
p_39:0.019844905539882385
p_40:-0.5147781838553276
p_41:-0.3847404738718585
p_42:-0.8947925241100574
p_43:-0.8671164320346545
p_44:-0.4158646121248777
p_45:0.3361065994004977
p_46:-0.972433858130956
p_47:0.49578563592418967
p_48:0.9599164416938237
p_49:0.4183678719069186
p_50:0.47220229337739883
p_51:0.39989208692894485
p_52:0.3779430529475285
p_53:-0.5126064555476544
p_54:0.8374679725608019
p_55:-0.6327304965321383
p_56:-0.35178119386942064
p_57:0.8126469346160017
p_58:0.21137731500873191
p_59:-0.7796150958182835
p_60:-0.28835250744460916
p_61:0.0925949511386237
p_62:-0.6623741914435672
p_63:0.6654008337247967
p_64:0.5239492214460657
p_65:0.5862445171797719
p_66:-0.30273351924445313
p_67:-0.6685725109357095
p_68:0.468343458559217
p_69:-0.9623302245590575
p_70:0.3584624074489413
p_71:0.02088117741062523
p_72:0.8505372803954472
p_73:-0.9089293201938806
p_74:-0.11053165493864414
p_75:0.045513879239754695
p_76:-0.7293632262205476
p_77:0.5532757114079807
p_78:0.9853788341431549
p_79:-0.9524450975409537
p_80:-0.4482942157501135
p_81:0.666326203652998
p_82:-0.8479836113474781
p_83:0.9432766122305145
p_84:-0.33984723521541027
p_85:-0.2595018827608697
p_86:0.9912038798575697
p_87:-0.8691006684436948
p_88:-0.9093031264309392
p_89:0.38864617033030857
p_90:-0.39396132081298907
p_91:0.6357538409623427
p_92:0.724437790596062
p_93:-0.728546855047381
p_94:0.5369998391743254
p_95:0.1357517399667607
p_96:-0.5407780509346609
p_97:-0.8211810784390385
p_98:-0.5253894020960344
p_99:0.8829724813630031
p_100:0.9192345301556335
