initial_step:0.18783745179043498
p_0:-0.5662352010532652
p_1:0.5355299425153413
p_2:-0.06689032741869316
p_3:0.7212357413099191
p_4:0.4472391258197186
p_5:0.9198868567371579
p_6:0.5642276688407066
p_7:0.6416910760945247
p_8:-0.9723050127364827
p_9:-0.849259980371329
p_10:0.20262617681036366
p_11:-0.7210041144174113
p_12:0.20184528012899694
p_13:0.5664402288493007
p_14:-0.7571798902287981
p_15:-0.3327784850053257
p_16:0.531336770662441
p_17:0.7844283447763254
p_18:-0.11279989825104986
p_19:0.40869027018639414
p_20:0.08528598147089261
p_21:0.1929308434166528
p_22:0.7613680233909998
p_23:0.04467963291735866
p_24:0.9534474469679468
p_25:-0.5315843687622823
p_26:-0.8571190365029846
p_27:0.8931973369729675
p_28:-0.8389135384535544
p_29:0.5412492582172688
p_30:-0.16208617821768123
p_31:-0.49724281645226975
p_32:-0.09661904112789266
p_33:0.5893678948907481
p_34:-0.20978077081678692
p_35:-0.06496022504837229
p_36:-0.48731827313157683
p_37:-0.3764584165601601
p_38:0.8614838719124025
p_39:0.6327544309869906
p_40:0.7279402636292438
p_41:-0.13414521921415568
p_42:0.3259026575654915
p_43:-0.4620363606809279
p_44:-0.038349201396338684
p_45:0.6787373380772044
p_46:-0.6677554170481892
p_47:-0.0018927976782152633
p_48:0.3453941477456872
p_49:0.6600743803748428
p_50:-0.43956732778657015
p_51:0.8597117845104227
p_52:-0.8217597866145112
p_53:-0.5802901368994482
p_54:0.9053234513851993
p_55:-0.3857854295306393
p_56:-0.17662343596341867
p_57:-0.18037868873196317
p_58:0.2101601963779247
p_59:0.36413167192092644
p_60:0.12038556085967578
p_61:0.34709163656865605
p_62:-0.47579599466239575
p_63:-0.8112651900503831
p_64:0.34159528493875535
p_65:0.7362566200972338
p_66:0.39148895751348056
p_67:0.009205069948653
p_68:-0.3449467002353497
p_69:-0.5518105074114363
p_70:-0.08058356650710485
p_71:0.8811188215116263
p_72:0.8570962649361176
p_73:-0.41742359627161973
p_74:-0.32375826373614514
p_75:-0.8773553568440768
p_76:-0.9980547761074223
p_77:0.02968737212603001
p_78:0.15021928015808705
p_79:-0.6358350688313132
p_80:0.6857719019059021
p_81:0.48051074785027814
p_82:-0.7000945486037886
p_83:0.19129513545235555
p_84:0.3182600312817252
p_85:-0.8448772500419544
p_86:0.33476673483905106
p_87:0.6678587683340782
p_88:-0.9950073434174069
p_89:0.5797523572023318
p_90:0.0807763120418361
p_91:-0.23870225360525898
p_92:-0.5235043747464498
p_93:-0.7023209159656894
p_94:0.07521953225226863
p_95:-0.6377932787549154
p_96:0.36978627496242944
p_97:0.6144074639260051
p_98:-0.963006896676905
p_99:0.5094842589809621
p_100:0.5093506814674578
