initial_step:0.4947976649681196
p_0:-0.03287641594093915
p_1:0.49307652961062964
p_2:-0.6590051699072175
p_3:0.9883267309635217
p_4:0.9139410971198556
p_5:0.9287656028975586
p_6:-0.8093594515109781
p_7:-0.1323446423598147
p_8:-0.9643595443404704
p_9:-0.5721551298546341
p_10:-0.6658087002954061
p_11:0.5843027195587922
p_12:0.38475820597476296
p_13:-0.8915131022324152
p_14:-0.6191345667411743
p_15:0.4374855938767528
p_16:0.5411381084831106
p_17:0.04764295644399219
p_18:-0.47444814629109633
p_19:-0.950370914993065
p_20:0.6671054563537
p_21:0.1445172661289018
p_22:-0.29865236460356726
p_23:0.9889275686586929
p_24:-0.7628943380831779
p_25:-0.09611919045870865
p_26:-0.039374144346257856
p_27:-0.09665000899204057
p_28:0.35804311410456635
p_29:-0.008829199819151423
p_30:0.9734817184205975
p_31:-0.11068745468167451
p_32:-0.3026118607114696
p_33:0.964806207603415
p_34:0.32376873436658093
p_35:0.907376474776
p_36:0.9066188195989946
p_37:-0.496461501415872
p_38:0.8409970439221983
p_39:0.3119789686727614
p_40:-0.2704153447056221
p_41:-0.6196152621142716
p_42:0.16164537669903445
p_43:0.6612664125029812
p_44:-0.9809646354966437
p_45:0.6155263267032636
p_46:-0.7198830195754713
p_47:-0.5039045302603604
p_48:0.634932770860352
p_49:0.025062049937527142
p_50:0.5711508206997331
p_51:-0.561918626406656
p_52:0.3962107751517914
p_53:0.49599195387260187
p_54:-0.48975208297654405
p_55:-0.7574747775886528
p_56:-0.3334826937033859
p_57:-0.2694426102848513
p_58:0.9374555146852863
p_59:0.29648394147897683
p_60:0.5034617792745233
p_61:0.1780043120020527
p_62:0.8966623926686226
p_63:0.991244697874996
p_64:-0.517226794505957
p_65:-0.7425534540859573
p_66:-0.013771866223336815
p_67:-0.7153877222826295
p_68:0.9660521912452433
p_69:-0.1858445357017624
p_70:0.2662318771757557
p_71:0.09514681548801995
p_72:0.7225454839069094
p_73:-0.6210682142888986
p_74:-0.08193549647609788
p_75:-0.4080411667877464
p_76:-0.8052716936755164
p_77:-0.5569951070299715
p_78:0.8490634822354541
p_79:0.8514988086619137
p_80:0.22108394375100127
p_81:0.9873075404482134
p_82:-0.8367725427631736
p_83:0.995959421681109
p_84:0.2256172787787416
p_85:-0.40689887275176817
p_86:0.07439670576163149
p_87:0.6898043659938429
p_88:0.42808184078296563
p_89:0.24904072337313599
p_90:0.7324372713318636
p_91:0.12807166119804192
p_92:0.9159075061546986
p_93:-0.1874606003032333
p_94:0.8182211819726704
p_95:0.4712105868907379
p_96:-0.490616066995174
p_97:0.3432114406212081
p_98:-0.6364003040312487
p_99:0.13888918791515747
p_100:0.005007827354205352
