initial_step:0.60962721125944
p_0:0.033362580616845605
p_1:-0.22373132381468408
p_2:0.24903966131712552
p_3:-0.6022274917873054
p_4:-0.4589505869386199
p_5:-0.9599552071612598
p_6:0.23406619163096853
p_7:-0.9996355941751633
p_8:0.6460350858330537
p_9:-0.27042003751457955
p_10:-0.9432828202918548
p_11:-0.523489659111805
p_12:-0.6676175153035122
p_13:0.11762734862240443
p_14:0.4596420681652842
p_15:0.07370896985721243
p_16:-0.20776240410978297
p_17:0.10310970118862728
p_18:0.09172462379089819
p_19:0.6739675860724899
p_20:-0.1866345275268393
p_21:0.5499274521164765
p_22:0.422841470085223
p_23:-0.10924041510771798
p_24:-0.7638328838326558
p_25:-0.6736840470817085
p_26:0.9679693226835402
p_27:0.09897791565459757
p_28:-0.21346212119312447
p_29:0.45313449158881025
p_30:0.04972149867293396
p_31:-0.6581666661240624
p_32:0.24936348257696528
p_33:-0.34664240162795945
p_34:-0.4867260435830385
p_35:0.18798713111439502
p_36:-0.5692070935945506
p_37:0.4922710946181912
p_38:0.6068955761265444
p_39:0.6332661293372259
p_40:0.7398540184886371
p_41:0.42462492594680823
p_42:-0.9940918107002223
p_43:-0.7527475930708067
p_44:0.6131011800648942
p_45:0.5653021862084826
p_46:0.048307351655449304
p_47:-0.6797643918173972
p_48:-0.7272781255240868
p_49:-0.7459994472655986
p_50:-0.6772500687433318
p_51:0.5914413087315986
p_52:0.9644312680148259
p_53:0.9352738809185182
p_54:0.7123510387635368
p_55:0.9522889338052545
p_56:-0.8757162281169888
p_57:0.5468191721738245
p_58:-0.6773578805736518
p_59:-0.5998343365001719
p_60:-0.3887299040051062
p_61:0.3631607457902557
p_62:-0.3179796195491882
p_63:0.1838282780925653
p_64:-0.8107987683505378
p_65:0.14193133746682318
p_66:-0.26464171406875026
p_67:0.24810917862923265
p_68:0.4622915155114753
p_69:-0.4147719521193478
p_70:-0.03929556069296258
p_71:0.25202582819418384
p_72:0.304719705535178
p_73:0.36771314222893636
p_74:0.1671673179117814
p_75:0.8574768379908602
p_76:-0.7381055987346372
p_77:0.232728732926738
p_78:0.23524931872368593
p_79:0.4324588213425069
p_80:-0.8868561733766289
p_81:-0.6949837116132924
p_82:0.6471790429068962
p_83:-0.8061138424897127
p_84:0.5876598411981258
p_85:-0.20750139434324644
p_86:0.0916281481650778
p_87:-0.43325359946120057
p_88:0.3980100803536657
p_89:0.4715234338116321
p_90:0.30460376903682174
p_91:0.9721818847963717
p_92:0.36398615833687664
p_93:-0.37933676461840005
p_94:-0.8456397749375784
p_95:0.9997555486363152
p_96:-0.8566123876346159
p_97:0.5461663589467267
p_98:0.02520843912527959
p_99:0.8695729456255263
p_100:-0.7898628599609099
