initial_step:0.5469294104412417
p_0:0.8419398732207106
p_1:-0.01701870573358155
p_2:-0.8729835216605055
p_3:0.2738319533812461
p_4:0.12258587985602198
p_5:-0.603345659610278
p_6:0.6451082773884951
p_7:-0.56606881357344
p_8:-0.4381283068394737
p_9:0.5164321066854753
p_10:0.06726225501555505
p_11:-0.5920724110926747
p_12:-0.5402470106832815
p_13:-0.23311079745275132
p_14:0.39271989351371217
p_15:0.29043585432724095
p_16:0.8542066104897887
p_17:-0.027336412625464934
p_18:0.1667010544652181
p_19:0.8578910291168447
p_20:-0.9805791384109459
p_21:0.8331040182795786
p_22:-0.21300275586729933
p_23:-0.8493486723562171
p_24:-0.8708751042349709
p_25:-0.6689938834394504
p_26:-0.7420825617883333
p_27:-0.46926274962249237
p_28:-0.008928005941695405
p_29:-0.8292849833765874
p_30:-0.44729678388181227
p_31:0.8559138616379742
p_32:-0.6962483809564275
p_33:-0.324692904644702
p_34:-0.7954969843713873
p_35:-0.6680809079465326
p_36:0.7558858657134608
p_37:-0.4954811700446524
p_38:-0.8193358559669235
p_39:0.38732534670674945
p_40:0.7518069749809442
p_41:0.23753152126331156
p_42:-0.3289061499139081
p_43:-0.9532805928859158
p_44:-0.19718309005533707
p_45:0.9589271079476771
p_46:0.6646614175557166
p_47:0.41573722563793236
p_48:0.6956680568178335
p_49:0.8960924399565864
p_50:-0.029746313040596384
p_51:0.20636008916069715
p_52:-0.8205296560154398
p_53:-0.10048796272128979
p_54:0.944527041801333
p_55:0.2559444466974903
p_56:-0.7779492573289084
p_57:0.4132365879851474
p_58:0.63430390986926
p_59:0.7963923513403564
p_60:-0.7272508925632524
p_61:-0.18717891313127422
p_62:-0.26872133314545277
p_63:-0.5339654009690726
p_64:-0.8873183175218144
p_65:-0.6173005846145834
p_66:-0.9763710399214465
p_67:-0.6982308806450026
p_68:-0.62018932147036
p_69:-0.7020827859056016
p_70:-0.39773193314757216
p_71:-0.07410525625824538
p_72:-0.5902795287596052
p_73:-0.8160447508332991
p_74:-0.7049540668887107
p_75:0.07383829821217236
p_76:0.9192685333349204
p_77:-0.9475308080159972
p_78:0.01093980520001736
p_79:0.8445156788505801
p_80:0.9556023854538056
p_81:-0.3599478148066855
p_82:-0.768866951202491
p_83:0.3029310794732092
p_84:-0.6418769935721214
p_85:0.3773046813333498
p_86:0.7298411436659082
p_87:0.11156101869698087
p_88:0.5305803419088877
p_89:0.35763233040987275
p_90:0.556746769315569
p_91:-0.9391973027891896
p_92:0.46930523646425004
p_93:-0.3113319024026424
p_94:-0.9455756293922293
p_95:-0.3308793608411358
p_96:-0.7550914133294382
p_97:-0.471919657723358
p_98:0.41341571158261137
p_99:-0.5288366412550012
p_100:0.7981866906350699
