initial_step:0.8935764839247681
p_0:0.0014249753935833276
p_1:-0.17949247447150873
p_2:-0.36802932575495095
p_3:0.057934794501281806
p_4:0.006778976079771626
p_5:0.8172946564249968
p_6:-0.5753735401435285
p_7:-0.4799139680359892
p_8:-0.6167132572717935
p_9:0.4217482975796991
p_10:0.49368707819127833
p_11:0.45768177125404463
p_12:-0.8922948318750332
p_13:0.09499570195018014
p_14:0.3050108277757966
p_15:0.5256093690994212
p_16:0.820264650968868
p_17:0.2742296583402375
p_18:0.27389632814445775
p_19:-0.7762661044939179
p_20:-0.616954964792469
p_21:-0.6713744928465124
p_22:0.4521414105287531
p_23:-0.8087996395973345
p_24:-0.9931115230245304
p_25:-0.549675586828932
p_26:-0.443142079311279
p_27:-0.13979318617952452
p_28:-0.1254107856242459
p_29:-0.014139740302907544
p_30:0.07177806918201335
p_31:-0.05431277393681988
p_32:-0.7520979027777195
p_33:0.7053548291973137
p_34:0.3419580737152006
p_35:-0.5011592564104523
p_36:-0.2758808155584622
p_37:-0.8073096718733135
p_38:0.5000252721729843
p_39:-0.7818314549023853
p_40:-0.6132753510135929
p_41:-0.6734060454446342
p_42:0.4519710721993748
p_43:-0.2562914983670883
p_44:0.9708703380617985
p_45:-0.5828576337297022
p_46:0.9805296403838446
p_47:-0.3241446485921877
p_48:-0.6733401967437513
p_49:-0.9797232928485797
p_50:0.9830220427039627
p_51:-0.3996432278179942
p_52:0.4392094548994656
p_53:-0.1715843689033676
p_54:-0.49030408560371597
p_55:-0.1341808671151259
p_56:0.645478120834521
p_57:0.6607399004721877
p_58:-0.07055245329865101
p_59:-0.19238778646829924
p_60:0.9975657400120108
p_61:0.8593593467953593
p_62:0.18995047881429095
p_63:-0.9462729791775355
p_64:0.22075627557441102
p_65:-0.5567986054470835
p_66:0.3465770282257099
p_67:0.527566782742207
p_68:0.00973393565146341
p_69:0.6328093876505159
p_70:-0.6432998230913904
p_71:0.7898141624044481
p_72:-0.16406233474728027
p_73:-0.9909085358238485
p_74:0.3050632361515715
p_75:0.07047844190336527
p_76:-0.6476326473761362
p_77:-0.05462662587716638
p_78:0.24334675307917641
p_79:0.7233691903117763
p_80:0.5046109319465151
p_81:0.57541024955113
p_82:-0.7678900301436888
p_83:0.8867593630513524
p_84:0.7635540289916181
p_85:-0.10366691749994938
p_86:-0.33826778922749523
p_87:-0.6672735733876638
p_88:-0.8975186997361078
p_89:-0.31994727498978937
p_90:0.3875827787594268
p_91:-0.055670483984099794
p_92:0.0042789610578497506
p_93:-0.16192766972544703
p_94:0.049805244741139454
p_95:0.4503900331782835
p_96:-0.948454962667646
p_97:-0.6469381456266248
p_98:0.9710968180702655
p_99:0.02087994485656286
p_100:-0.5607740558307703
