initial_step:0.1317653822293715
p_0:-0.9820959177497504
p_1:0.08233642720656476
p_2:-0.03879210395264465
p_3:-0.14710757698911547
p_4:-0.1877033221403499
p_5:-0.053093676849003346
p_6:-0.08725907756353868
p_7:-0.98128299840555
p_8:-0.9184044580137589
p_9:0.8951399921195355
p_10:0.606128952448495
p_11:-0.4287010109157361
p_12:-0.27134744063445204
p_13:-0.7128826612507626
p_14:-0.7658192919815501
p_15:-0.2351839654318486
p_16:-0.5433507678428215
p_17:-0.8173482370960214
p_18:0.7557161984301095
p_19:0.26305280505510087
p_20:-0.9722466115500823
p_21:0.7536897697838156
p_22:-0.7561624667217672
p_23:-0.6788387138437018
p_24:-0.1551758807318946
p_25:-0.39438718802527495
p_26:0.044032450747879315
p_27:-0.8187229703200196
p_28:-0.6559609039716447
p_29:0.6559930075960787
p_30:-0.23844684892353607
p_31:-0.18314015581159349
p_32:0.9526985745415875
p_33:0.9439578672073983
p_34:-0.3451411508494675
p_35:0.7344805791036615
p_36:-0.09226187249353046
p_37:-0.8526147899574272
p_38:0.42594671985418486
p_39:-0.2611726659787854
p_40:0.9801452078981596
p_41:-0.23743534629300322
p_42:-0.21581595037007606
p_43:-0.6417597876791252
p_44:0.5577144461706762
p_45:0.21807480640106736
p_46:0.05965375078270774
p_47:-0.8383408785773272
p_48:-0.989959065823087
p_49:-0.6696072903811661
p_50:-0.6351145306645307
p_51:0.4289555440311559
p_52:0.7171417415643777
p_53:0.3367638671201669
p_54:-0.8008575166298582
p_55:0.143744308757487
p_56:0.7159160129447846
p_57:0.6550247510707761
p_58:0.8412236527668342
p_59:-0.005973299703219803
p_60:-0.46096325661506765
p_61:-0.3477025483056788
p_62:-0.07395804397546835
p_63:0.7865296824215247
p_64:-0.47333566464112997
p_65:-0.22832761759107423
p_66:0.15487606466335557
p_67:0.4410651224846258
p_68:-0.2214038002386849
p_69:0.35725337831218584
p_70:0.3939521867673281
p_71:-0.9225194400466037
p_72:0.2802536578327972
p_73:-0.7026388592590034
p_74:0.13738613760760332
p_75:-0.3239530133005031
p_76:-0.6640972061915604
p_77:-0.63562342859139
p_78:-0.8146605644573062
p_79:0.8191305360966563
p_80:0.6388700763084665
p_81:-0.2233098496807555
p_82:-0.7934958877901181
p_83:-0.5028732639474869
p_84:0.0643631068111361
p_85:-0.06326504337785477
p_86:-0.06354743487556624
p_87:0.12200572984235158
p_88:0.7483940641897451
p_89:0.29818551509233626
p_90:-0.9833580535052582
p_91:-0.4965314939518488
p_92:0.16846754093886362
p_93:0.584282987118935
p_94:-0.9412343973312844
p_95:0.6743597922594746
p_96:-0.9322022516471931
p_97:0.7432021742805002
p_98:0.36465041677118215
p_99:-0.9458086890132937
p_100:0.7382857698482523
