initial_step:0.47262138564057665
p_0:0.13730137190837888
p_1:0.37524005760501344
p_2:-0.3511233170769166
p_3:-0.5214787060358543
p_4:-0.00222460714051409
p_5:0.8998431690109379
p_6:0.6931800457113042
p_7:0.672643597761811
p_8:0.5794706890881531
p_9:0.7633931977174802
p_10:0.6255148562506438
p_11:-0.3625969553355006
p_12:-0.5867410089610126
p_13:0.5164660452756122
p_14:-0.5628963688971012
p_15:-0.17237897344625663
p_16:0.46727749463267876
p_17:-0.49348802253283
p_18:0.4085298134295372
p_19:-0.9752078796407353
p_20:0.6532259741129727
p_21:-0.07035464020428228
p_22:0.40722574159574587
p_23:0.6554109278076246
p_24:-0.8197539919111998
p_25:-0.998548287669454
p_26:0.6719923796319967
p_27:-0.2477221527922122
p_28:-0.7852534042754662
p_29:-0.7521917698947516
p_30:0.9103546441518771
p_31:-0.6746234830791114
p_32:-0.4877933730649633
p_33:-0.7953941988714543
p_34:0.9157020265019189
p_35:0.5046274437597402
p_36:-0.22348865150840735
p_37:-0.36174776042814494
p_38:-0.07360242175536946
p_39:-0.888059382502929
p_40:-0.6122559249677593
p_41:-0.2791908515617354
p_42:-0.884314670436191
p_43:0.5195912759987105
p_44:0.18978446169659913
p_45:0.4128110148871609
p_46:-0.30824387403314146
p_47:-0.3769425902123138
p_48:-0.4014975757923944
p_49:-0.3229522513396652
p_50:0.060483729438982836
p_51:-0.40883111139475226
p_52:-0.5517702613585798
p_53:-0.27391504487731666
p_54:-0.5580390217951323
p_55:0.28318067308809036
p_56:0.2363090992563477
p_57:-0.18958278190817568
p_58:-0.02556293390823683
p_59:-0.2647100226941128
p_60:-0.10951563563931788
p_61:-0.43872016651207413
p_62:-0.45354334635163474
p_63:0.44625907395510644
p_64:-0.7906455449404353
p_65:0.5732174259273979
p_66:0.7014216616834767
p_67:0.6537642801336978
p_68:0.27914940765416807
p_69:0.613524738127301
p_70:-0.4594850639352266
p_71:0.5330814706175202
p_72:0.6484536026933401
p_73:-0.9101537710467242
p_74:0.4256761660823345
p_75:-0.5310440092607007
p_76:0.5827769312411251
p_77:-0.8173363159430547
p_78:0.23513920819818046
p_79:-0.8908986617611552
p_80:-0.6974310435430244
p_81:0.26314350087134053
p_82:0.6819360682844953
p_83:0.6288781623755546
p_84:0.5989514712198423
p_85:0.6939619565320014
p_86:-0.23624929012719043
p_87:-0.03210970723738815
p_88:-0.7528950707192801
p_89:0.09236719563595441
p_90:0.6491878977653092
p_91:-0.7553314746751272
p_92:0.5689113574637579
p_93:-0.9672319553737256
p_94:0.6306216124513986
p_95:-0.5215376592971377
p_96:0.5829714710270772
p_97:-0.3342192726202571
p_98:0.5842694588928494
p_99:-0.0913966071813137
p_100:0.21552618616227215
