initial_step:0.8868251081760845
p_0:0.5086061475141406
p_1:0.0893276167710535
p_2:0.13500536131866436
p_3:0.5583243781515832
p_4:0.9260686485797665
p_5:0.026936588232365555
p_6:0.3646236304512729
p_7:-0.4448802822758666
p_8:-0.2752093353188183
p_9:-0.2530750644671904
p_10:-0.19391463399843634
p_11:0.7453399576394999
p_12:0.3800033861489136
p_13:-0.767892036258992
p_14:-0.24340284030429027
p_15:0.09637120504437524
p_16:0.44008782636305166
p_17:-0.4740301375412952
p_18:-0.6750317520847462
p_19:-0.1419461785171725
p_20:0.920225043788409
p_21:0.7460081027301491
p_22:-0.29965868803703155
p_23:0.7581025545299018
p_24:0.06525126361181655
p_25:-0.47843773458128647
p_26:0.7891349251705901
p_27:0.37620730297305327
p_28:-0.8152196883120324
p_29:-0.966025571581719
p_30:0.7185722739472877
p_31:-0.4494913231673532
p_32:-0.5383357785298688
p_33:-0.7870138928899859
p_34:0.9633647684271596
p_35:0.3784074404038824
p_36:0.5776349278014663
p_37:0.8156072598243997
p_38:-0.9347290474691077
p_39:0.19133204658059255
p_40:-0.13044020546732882
p_41:0.09207374112595823
p_42:0.7783383207563195
p_43:0.1533175087047587
p_44:-0.7389296273535915
p_45:0.2039215597022268
p_46:0.257429076954937
p_47:-0.1608682790212932
p_48:0.24832183030458732
p_49:0.9340772685288654
p_50:0.05442232097964572
p_51:-0.6469643265807203
p_52:-0.26583290536009385
p_53:0.832050904707911
p_54:-0.03418718508720309
p_55:0.7100024085220025
p_56:0.9238054934476148
p_57:-0.2899584868399463
p_58:-0.4997877769696555
p_59:0.9247416361272796
p_60:-0.9984954660968242
p_61:-0.6159966153158638
p_62:0.6875814674181293
p_63:0.9602943948222842
p_64:0.200933878780168
p_65:0.6304256821851735
p_66:0.9239558957261256
p_67:0.13154738434440838
p_68:0.6844308638440879
p_69:-0.6490031115011043
p_70:-0.5779049956913913
p_71:-0.4946808586690077
p_72:-0.9894261402082649
p_73:-0.21983166192421666
p_74:0.1919985387477272
p_75:0.16563725578380417
p_76:-0.9335047950200048
p_77:-0.5579627223678587
p_78:0.047138751204627516
p_79:0.3722966827229799
p_80:0.1635544099563664
p_81:0.6072490034014177
p_82:-0.026481957616659724
p_83:-0.6292734212630453
p_84:-0.5950849506258611
p_85:0.7447708995189346
p_86:-0.28301903347798674
p_87:0.25851394020149643
p_88:-0.03873540171125622
p_89:-0.01639452712131484
p_90:-0.4416433157761137
p_91:0.7632713882729871
p_92:0.4596269592773665
p_93:0.9859218962097098
p_94:0.16234896394774978
p_95:0.014435832592661013
p_96:-0.5170771033188579
p_97:0.9852436387957018
p_98:0.5740802851741511
p_99:0.6253936577974213
p_100:-0.5815171596243507
