initial_step:0.2668628017511606
p_0:0.2621663738274804
p_1:0.4151594187329348
p_2:-0.41929310368610273
p_3:-0.37491550904451865
p_4:0.7740358705900949
p_5:-0.08105430453212192
p_6:0.452135079450793
p_7:0.8310470125904532
p_8:0.8951693654146144
p_9:0.9766488185242082
p_10:-0.41322959245476487
p_11:-0.35338974296695325
p_12:0.7434836536247627
p_13:0.37568198741425074
p_14:0.8235964423732602
p_15:0.7560223028758417
p_16:0.028782395959205065
p_17:0.5962740224687375
p_18:-0.04324123399413593
p_19:0.5154542662845907
p_20:-0.7993268665261006
p_21:-0.8371567729969123
p_22:-0.26628240683647664
p_23:-0.7882359275474431
p_24:0.18243342814764651
p_25:0.5070149076635264
p_26:0.6805341238025409
p_27:0.12411589370795251
p_28:0.07156929476552398
p_29:-0.4770459030320453
p_30:-0.2410797409418104
p_31:-0.13050501484782884
p_32:-0.8694353967088304
p_33:-0.3402966504428371
p_34:-0.3614444467299902
p_35:0.4733434110424879
p_36:0.7419907832703136
p_37:0.7917506041076032
p_38:-0.8189569032212074
p_39:0.41883462898481905
p_40:-0.028067785574656945
p_41:0.9544873238664873
p_42:0.03774139245442565
p_43:0.6759585998158975
p_44:-0.36572544775510196
p_45:-0.741934274616108
p_46:-0.959562459009357
p_47:0.05334961192495169
p_48:-0.4220989159843209
p_49:-0.22875548186668215
p_50:-0.02025352653997259
p_51:0.6513384670581508
p_52:0.40509489332692183
p_53:0.15068049454952126
p_54:-0.9145446529002574
p_55:-0.5569385837982355
p_56:-0.8749981461694947
p_57:-0.8094529768629277
p_58:0.24307171133414762
p_59:-0.41656642673934385
p_60:0.3212560320085154
p_61:-0.598123392303983
p_62:0.9420685227066394
p_63:0.3639484879607846
p_64:0.7131247454789125
p_65:0.383062234188863
p_66:-0.5724202296915206
p_67:0.8527792987933687
p_68:0.8055211978165906
p_69:-0.928094364119572
p_70:0.8136000087923625
p_71:0.006432949498217155
p_72:0.3755003761675251
p_73:0.6414512481554331
p_74:0.44941919113942896
p_75:-0.6068069014023902
p_76:-0.38745358134329866
p_77:-0.9459296611411738
p_78:0.8671870731980744
p_79:-0.5517920816765296
p_80:-0.4832661891286314
p_81:0.12692618764941566
p_82:0.6144214920942304
p_83:0.592300610724614
p_84:0.30982585660804474
p_85:0.016373189272437916
p_86:-0.144821484690971
p_87:0.44833047960367023
p_88:-0.5567202153710076
p_89:-0.37153949650497187
p_90:0.7647838159401721
p_91:-0.4956182385820376
p_92:0.3986661052751106
p_93:-0.01516785204269766
p_94:0.3277749951848785
p_95:-0.47595944218113884
p_96:-0.7774010047812341
p_97:-0.7327143200122264
p_98:0.7565000998195097
p_99:0.916420080874462
p_100:-0.7575736715535384
