initial_step:0.9168868883710299
p_0:-0.8451681193199012
p_1:0.5332423154513588
p_2:0.9868618001075007
p_3:-0.8616594061050942
p_4:-0.5327492744293805
p_5:-0.5783785611262982
p_6:-0.5806848865249972
p_7:-0.8175535686481816
p_8:-0.03794101563731589
p_9:-0.9244276886809477
p_10:0.7508577663262199
p_11:-0.7355477972294677
p_12:0.4980258850254895
p_13:0.07102237787803234
p_14:-0.48961551272927517
p_15:0.05111682058761158
p_16:0.355455406363119
p_17:-0.28560446021201047
p_18:-0.009353939914401144
p_19:0.10875210668617608
p_20:0.685416834411809
p_21:-0.41031111998553005
p_22:0.2296577196279439
p_23:0.05864837285280999
p_24:0.804273219138331
p_25:0.6508284109449749
p_26:0.1458842761266188
p_27:-0.0069364409915873
p_28:0.27963801800941424
p_29:-0.29368904555163544
p_30:-0.7919877789159842
p_31:-0.8827582221260739
p_32:-0.443218993483119
p_33:0.3805703590172411
p_34:0.44242421856828695
p_35:-0.6057572071429007
p_36:0.5211646509823704
p_37:0.01782091266985497
p_38:-0.8491438193160243
p_39:0.8260819036109848
p_40:0.22980594861138348
p_41:0.8930312130737328
p_42:-0.9719561492042448
p_43:0.5142468884791311
p_44:0.9674145704183783
p_45:-0.07018440268798853
p_46:0.3739252391335972
p_47:-0.3062474995548652
p_48:-0.4538755318827603
p_49:-0.7110116653844296
p_50:-0.30912066668322
p_51:-0.2888748125625802
p_52:0.40023023109728384
p_53:0.03188362584571025
p_54:-0.30139524380101834
p_55:0.3355953190537486
p_56:-0.8069924518166953
p_57:0.6809880711331251
p_58:-0.006432172803742198
p_59:-0.18125250230554668
p_60:-0.2800457136279568
p_61:0.5957723500122225
p_62:-0.07917968751513538
p_63:0.6867340150276124
p_64:-0.7196657645993052
p_65:-0.4750297543615829
p_66:0.10560303655633274
p_67:0.2769006123048978
p_68:0.67387873539246
p_69:-0.12919752556428254
p_70:0.5935184313800796
p_71:0.15492325208669122
p_72:0.31367353760379757
p_73:0.4822019508036832
p_74:0.23918883786180367
p_75:0.4948903527862254
p_76:0.8084818568198702
p_77:-0.05470288601621953
p_78:0.9499193812667943
p_79:0.3918310587156857
p_80:-0.4880374998616357
p_81:-0.22356219818491496
p_82:-0.9304613189248627
p_83:-0.8535855354964386
p_84:0.49274194100206326
p_85:0.5144171619271176
p_86:-0.9888050913105135
p_87:-0.2953982021513204
p_88:-0.9204293274048954
p_89:0.0461054322463752
p_90:-0.2464717573293529
p_91:-0.25366115439196046
p_92:-0.9936150957930752
p_93:-0.4977117200393353
p_94:-0.8743312897014812
p_95:0.11945920254641118
p_96:-0.47097934839120015
p_97:-0.9459698605736899
p_98:0.7576384139725281
p_99:-0.45839641409283427
p_100:0.8429696446370785
