initial_step:0.07855267901587293
p_0:0.5500500961312424
p_1:0.9975060343490099
p_2:-0.6083315030026728
p_3:0.033105446489730905
p_4:-0.9764725692600038
p_5:-0.5312885423929001
p_6:-0.9126990178060703
p_7:-0.14183285886772823
p_8:-0.6846808828505024
p_9:0.6749195383064299
p_10:0.15106596394977911
p_11:0.39310660157034305
p_12:0.0019000267151838557
p_13:0.19798278436938643
p_14:-0.5895028117546603
p_15:-0.7876702015986596
p_16:-0.08578689166805153
p_17:0.5163957604482141
p_18:0.9100012285219463
p_19:-0.7310056393226687
p_20:-0.7621911652370028
p_21:0.014259977843114724
p_22:-0.8739659407676237
p_23:0.6478135216469902
p_24:0.6020890465405351
p_25:0.2213872390623235
p_26:0.7647609016413528
p_27:-0.6112646586279089
p_28:0.6278950363331748
p_29:-0.5512145161563269
p_30:0.8786941013326597
p_31:-0.004183600733353998
p_32:0.9899196493023081
p_33:-0.9701258028236837
p_34:-0.7927911969218142
p_35:-0.2997988474434934
p_36:0.03470784825056916
p_37:0.8487030016112558
p_38:-0.9445535162846221
p_39:-0.6074329339399924
p_40:-0.3061951649001171
p_41:0.2672324558702266
p_42:0.24168447791739478
p_43:-0.38739566522366675
p_44:-0.847448537120665
p_45:0.3796981010280329
p_46:-0.9410630455020461
p_47:0.8170155810530002
p_48:-0.8525744123099983
p_49:-0.05703498841645471
p_50:-0.4012353123992052
p_51:0.8702572403833579
p_52:-0.2323415597651124
p_53:0.7674608023821714
p_54:0.24861568335191198
p_55:0.15749995335848954
p_56:0.7099947348854028
p_57:0.2893808551778614
p_58:0.4201861737631347
p_59:-0.984810253325495
p_60:-0.5205606528307645
p_61:0.7689289817303269
p_62:0.08454768370235999
p_63:-0.7608296025434245
p_64:0.23481032098586252
p_65:-0.15481118889933554
p_66:-0.334247338026062
p_67:-0.32568030953012905
p_68:0.29200942819607656
p_69:-0.416805677922065
p_70:0.9180548117326048
p_71:0.7676603510851319
p_72:-0.6414888788166921
p_73:-0.35006216779523225
p_74:-0.49397398804086423
p_75:-0.6353822244459932
p_76:-0.854141368285481
p_77:-0.8998942926376241
p_78:-0.17899865147809302
p_79:0.09905782639091765
p_80:-0.7222583442054067
p_81:-0.5336926800414561
p_82:0.46296021713182767
p_83:0.9763246180539156
p_84:0.25131479266207224
p_85:0.8099277269233875
p_86:-0.8804983896484031
p_87:-0.40152347476897865
p_88:0.30791003315687226
p_89:0.0657601103217067
p_90:-0.5431433285305596
p_91:-0.6817551204846708
p_92:0.8180234060042773
p_93:0.27802320994186247
p_94:-0.4453027047860776
p_95:-0.01648084478826961
p_96:0.5082963918825152
p_97:-0.4742052949493931
p_98:0.20107351941344564
p_99:-0.7536216506680893
p_100:-0.34286304030580883
