initial_step:0.509628642970291
p_0:-0.6658402853761918
p_1:0.2999312572775379
p_2:0.3239958893438115
p_3:0.8003570124679358
p_4:-0.050654323248497946
p_5:-0.9697436304944509
p_6:-0.09620236664303605
p_7:-0.7079296197321254
p_8:0.11047855237662452
p_9:0.20943249623101745
p_10:-0.28614300103579593
p_11:-0.44156158968400394
p_12:0.9806116879910074
p_13:-0.7681301261566569
p_14:-0.6400599850686555
p_15:-0.946437520427057
p_16:-0.7470691851978961
p_17:0.2702638442067511
p_18:0.19947854224254602
p_19:0.7008031533967425
p_20:-0.8301458714148036
p_21:-0.09483882605905403
p_22:-0.48482653954512633
p_23:-0.7041918143596979
p_24:-0.3123785715261722
p_25:-0.8007949366952585
p_26:0.18629181418112206
p_27:0.481578139556718
p_28:-0.6650083279076815
p_29:0.3860758855731876
p_30:-0.4844162657277553
p_31:-0.990421115934236
p_32:-0.6351487452046156
p_33:-0.959115627280007
p_34:0.7384184421716997
p_35:-0.6167682536781316
p_36:0.9746423811570022
p_37:0.08470529932629423
p_38:-0.12503977264806165
p_39:0.38103535381700504
p_40:-0.05398969410265697
p_41:0.06719501474566902
p_42:-0.3650224655830321
p_43:0.24343155763171143
p_44:-0.3777839276595003
p_45:-0.8478317599173428
p_46:0.5914308737765315
p_47:0.5085931542781048
p_48:-0.46753288771343593
p_49:0.9305580522679238
p_50:-0.2910252732088716
p_51:-0.9511058851568863
p_52:0.5658723247548267
p_53:-0.6855591986144067
p_54:0.4920645251503122
p_55:-0.14324919349825604
p_56:-0.7490408522403964
p_57:0.7971371046387412
p_58:0.10516522073560863
p_59:0.16122494257814335
p_60:-0.8634299064064519
p_61:-0.09498621588188083
p_62:-0.37059707483832494
p_63:0.6834732106069701
p_64:0.012089080260692997
p_65:0.2871361931623331
p_66:-0.6003030235695517
p_67:-0.4393257185076338
p_68:-0.6745399088873372
p_69:0.5579197894563823
p_70:0.5035906295879771
p_71:0.6012383767937743
p_72:0.9877500450473711
p_73:-0.6177493945790871
p_74:-0.5208694938713585
p_75:0.7438669177118786
p_76:0.00583454471350997
p_77:0.05348808180689457
p_78:0.2693767397011053
p_79:-0.009573747647554365
p_80:0.4788393725496478
p_81:0.14205168841806404
p_82:-0.1177138954138619
p_83:-0.8414745455906265
p_84:0.08347330274234688
p_85:-0.2116849038677584
p_86:0.16140613472676302
p_87:0.718780864364843
p_88:0.8001686404179456
p_89:-0.5999879293996353
p_90:0.03742476938102879
p_91:0.8766376932939695
p_92:0.43391490262311794
p_93:0.9036095019241686
p_94:0.38256813338857887
p_95:-0.6046197416951429
p_96:-0.06236880290484437
p_97:-0.5513910284198307
p_98:0.9211810699852241
p_99:-0.40435893617089125
p_100:-0.7714111177451863
