initial_step:0.8166143014956606
p_0:-0.5870020630425876
p_1:0.24682394089599113
p_2:-0.006398772121044782
p_3:-0.4922995677212254
p_4:0.4857787256477084
p_5:-0.5543163030781815
p_6:0.1980364955540057
p_7:-0.2975888773217972
p_8:0.574926134865035
p_9:-0.3962385570165885
p_10:-0.1742446885290403
p_11:-0.8862471456777377
p_12:0.2843229840617074
p_13:0.21260585044869496
p_14:-0.7377420290885175
p_15:-0.7439346735258903
p_16:0.5326076706805589
p_17:0.4380245704799264
p_18:0.9045766990508306
p_19:0.9225095964096481
p_20:-0.44047210426768824
p_21:-0.6242021245990785
p_22:-0.09982620397766184
p_23:-0.3329814254951937
p_24:0.8023359001790333
p_25:0.4222283213672564
p_26:0.03329090818859459
p_27:0.81029746468253
p_28:-0.6217485038102559
p_29:0.9626980848835258
p_30:0.438350952369313
p_31:-0.484502675074054
p_32:-0.5335800428478039
p_33:0.7443716119657957
p_34:0.7914671066485421
p_35:-0.3642822025632455
p_36:-0.32442127025519474
p_37:0.8032101785648862
p_38:-0.056414234772084626
p_39:-0.5705191175828723
p_40:-0.26412604878486
p_41:0.5203315571925446
p_42:-0.5025502922312783
p_43:-0.6506315241804665
p_44:0.6789620583602056
p_45:0.06486177621856526
p_46:-0.7198868569837134
p_47:-0.38453498164384015
p_48:0.4161185633095825
p_49:-0.5890707540383167
p_50:-0.42471772948967956
p_51:0.6107430367851641
p_52:0.9356491432607392
p_53:-0.9518663129764309
p_54:-0.10479208330274803
p_55:0.9143822666767398
p_56:0.85938195994734
p_57:-0.7201594825678861
p_58:-0.1311315412951981
p_59:0.5524484375641554
p_60:0.5125162736327744
p_61:-0.5596782192253722
p_62:0.16196173458932073
p_63:-0.6915128007445976
p_64:-0.51018389805936
p_65:0.6799051548024639
p_66:0.46033452106787176
p_67:0.399587069605168
p_68:0.004723745893323361
p_69:0.8922874370899909
p_70:0.7574898042798284
p_71:0.7455372093953034
p_72:0.04358812461850792
p_73:-0.5176541511467461
p_74:-0.25605423289997997
p_75:0.9628705680236835
p_76:-0.23189821747473482
p_77:0.9629505855769604
p_78:0.7155265434947735
p_79:0.08344432226762799
p_80:-0.6186831345709254
p_81:-0.08143380433596081
p_82:0.14455754310095936
p_83:0.8194426672411366
p_84:-0.7591206944203077
p_85:0.1893250583777526
p_86:-0.9905662789198892
p_87:0.907058818022118
p_88:0.866293764526906
p_89:-0.9561501767139882
p_90:-0.33887193758466716
p_91:-0.42124939422179186
p_92:0.3210126023704081
p_93:0.9528389818750511
p_94:-0.1806507257121608
p_95:0.2650132688602562
p_96:-0.7884699243443904
p_97:0.0020251775031641106
p_98:0.14624907262356768
p_99:-0.4189999094816743
p_100:-0.5986521797670286
