initial_step:0.3198508735821475
p_0:-0.14291240147221185
p_1:-0.9974020928230896
p_2:-0.342793840719434
p_3:0.26205048789365026
p_4:0.0988177216752093
p_5:0.08498148192388189
p_6:0.5006907102302418
p_7:0.824779061209896
p_8:-0.5608441986970669
p_9:0.8762813050435867
p_10:0.5818255081567638
p_11:0.49512366781501127
p_12:0.8582637914575924
p_13:0.252030114956622
p_14:-0.9794520728912579
p_15:-0.2969894669707407
p_16:0.949753483639459
p_17:-0.5019019827750426
p_18:-0.6469182605435331
p_19:-0.16217505153139666
p_20:-0.46528707569343153
p_21:-0.386309475485874
p_22:-0.2451070979528689
p_23:-0.1258217850539991
p_24:0.2831326661327185
p_25:0.4750048828551605
p_26:-0.7147411999905933
p_27:-0.49824664580728095
p_28:0.9982520883099688
p_29:0.9016887023857849
p_30:-0.0668941502832745
p_31:0.8457617061901475
p_32:0.22124755225026282
p_33:0.09187865065680412
p_34:0.14047299573246663
p_35:-0.7092607775067592
p_36:0.9460747450372848
p_37:-0.6800446378371363
p_38:-0.7190311802133671
p_39:0.3151064611719281
p_40:0.4875992898013337
p_41:0.7861284602760363
p_42:0.03221805916010401
p_43:-0.685862760949854
p_44:0.7275665883315612
p_45:-0.3239885650975207
p_46:0.5333724445780763
p_47:-0.5490374820508719
p_48:-0.6265113943337106
p_49:-0.16306108735140046
p_50:-0.9543676568107562
p_51:0.5429413549204984
p_52:-0.6873183869865744
p_53:-0.5114462907642217
p_54:0.12859556807574646
p_55:0.22610188930161867
p_56:0.7002000691887154
p_57:-0.5226038127841357
p_58:-0.1805343774474084
p_59:-0.5696981108183659
p_60:0.5194640336687046
p_61:-0.6189452787883325
p_62:-0.3530833967650133
p_63:-0.9101373399015042
p_64:-0.331440667334439
p_65:-0.5287834652814722
p_66:0.7937375334113226
p_67:-0.8679677915274233
p_68:0.985762752114602
p_69:-0.9314448095755481
p_70:0.028032086391826194
p_71:0.2305468278128613
p_72:0.8368533762245558
p_73:-0.016955538345478027
p_74:-0.35526649544815525
p_75:-0.2823798074956063
p_76:0.33529493756775586
p_77:-0.558648392226563
p_78:-0.8493742781301488
p_79:-0.976512347730736
p_80:0.2203441816025713
p_81:-0.8533061930975525
p_82:-0.9887055556066011
p_83:0.21759265101277858
p_84:-0.0768773035144672
p_85:0.21180702328769718
p_86:0.8253219107718708
p_87:0.11169385976835411
p_88:-0.32582216950817866
p_89:0.659019482843789
p_90:0.09200076474059782
p_91:0.7976850025630822
p_92:-0.2108353928588853
p_93:-0.20924099678451058
p_94:0.577168322468981
p_95:0.7425701699648355
p_96:-0.06546070363689571
p_97:0.8817932651538425
p_98:0.4238908502894758
p_99:0.30808884683590354
p_100:-0.027499805644998654
