initial_step:0.5807635251760555
p_0:-0.4805088377542921
p_1:0.5033444214865239
p_2:-0.8027376283331211
p_3:0.2088752574738557
p_4:-0.9474317101404905
p_5:0.2908542994065626
p_6:-0.14665770807771117
p_7:-0.0341877913900126
p_8:0.8700858092805606
p_9:0.7245571634186336
p_10:-0.7986402689732544
p_11:-0.6265509425553526
p_12:-0.49931303095598545
p_13:-0.43621448680896635
p_14:0.11432518200892572
p_15:0.5917956883145024
p_16:-0.17721423024836058
p_17:0.7551640129749058
p_18:-0.9895473042661675
p_19:0.8964425462979855
p_20:0.8151815939054394
p_21:-0.5568074017785405
p_22:0.02201302242018155
p_23:-0.9852139332146828
p_24:-0.6047121649025937
p_25:0.5593840752036396
p_26:0.41204005989853276
p_27:-0.8547978534136094
p_28:0.8084339802535374
p_29:-0.7740898283947195
p_30:-0.2553808257509038
p_31:0.88811099682539
p_32:0.6010913827602145
p_33:-0.5475548901194109
p_34:0.17978953914851914
p_35:0.4057776168098244
p_36:-0.08917203803735085
p_37:0.8273924532410168
p_38:0.8979863679127149
p_39:-0.8263496487915556
p_40:-0.5174303044968562
p_41:0.5525467106920929
p_42:-0.6155419244638496
p_43:-0.519697852780556
p_44:0.08522041840995831
p_45:-0.6307405601129896
p_46:0.25481767696816027
p_47:-0.16945291823051445
p_48:-0.27333293865760155
p_49:0.5262127927216156
p_50:-0.735193181795073
p_51:0.4741714722109782
p_52:0.23544864531610998
p_53:0.8610687723739325
p_54:-0.1301789528636328
p_55:-0.7730685360456606
p_56:-0.8781102521050845
p_57:-0.3027698561174501
p_58:-0.8821837015774623
p_59:0.08118081900004093
p_60:0.19739730358284624
p_61:-0.12040896771338394
p_62:0.8592775050051069
p_63:0.4798488703371029
p_64:0.34774873427887254
p_65:-0.18476625088336007
p_66:0.14999926288158272
p_67:0.043298470444156134
p_68:0.8109774635758498
p_69:-0.9490069927964604
p_70:0.15222807420107953
p_71:0.24318464213310698
p_72:-0.5374177444933372
p_73:0.38248035024688787
p_74:0.9155615589490917
p_75:0.5691365689206425
p_76:0.9288448323819907
p_77:-0.6703484085546645
p_78:0.7591972500685111
p_79:-0.769376479687681
p_80:-0.6759262474219132
p_81:0.2737146787795621
p_82:0.8057604106534328
p_83:0.4391784397368421
p_84:0.9737146356952755
p_85:-0.07964713834814541
p_86:-0.8308489442085543
p_87:-0.8907427966354231
p_88:-0.66946587511001
p_89:0.8571620805140323
p_90:-0.3864049001513077
p_91:-0.9399130351055471
p_92:-0.28317596768801345
p_93:-0.2739987129952517
p_94:-0.436645420069826
p_95:-0.5232880533769206
p_96:-0.9226214099446679
p_97:-0.8479075320455765
p_98:-0.6078073163959381
p_99:-0.31524985800208194
p_100:-0.37785380153148984
