initial_step:0.1117345799673386
p_0:0.9497606688262239
p_1:0.9175380680978653
p_2:-0.061039638074321445
p_3:0.7114060800076143
p_4:-0.508807555112383
p_5:-0.73319526545369
p_6:-0.7071670424598946
p_7:0.09664067210340499
p_8:-0.40830567244484417
p_9:0.3420712088116167
p_10:-0.7465506778175477
p_11:0.9452296238833195
p_12:-0.6814094988633026
p_13:-0.598574871145632
p_14:-0.5754559898345106
p_15:0.25611884404846075
p_16:0.42269493029550365
p_17:0.8786447428895336
p_18:0.4830865385870269
p_19:0.3900944233726491
p_20:0.26338825253286857
p_21:0.019465946391911126
p_22:0.991061414782971
p_23:-0.8142536783919874
p_24:-0.28150912805307216
p_25:0.3655458661162294
p_26:0.0911521997458602
p_27:0.8850862895427678
p_28:-0.6077438150504029
p_29:0.9194041566462516
p_30:-0.632704721596828
p_31:-0.9370487503613343
p_32:-0.4374608364752326
p_33:-0.9508935790774315
p_34:-0.030740184256512926
p_35:-0.7890824208299534
p_36:-0.39860385100661677
p_37:0.6604752973819887
p_38:-0.4152930397391412
p_39:-0.8956906686585837
p_40:-0.9306363114545073
p_41:-0.7692480515972588
p_42:0.4071079773463291
p_43:0.7184943301492346
p_44:-0.08137449331252111
p_45:-0.33239529637679444
p_46:0.3801299229766488
p_47:-0.05093935524836635
p_48:0.12504691029407966
p_49:-0.7378349202670269
p_50:-0.9362019087675586
p_51:0.911213365843605
p_52:-0.8607911230949818
p_53:0.7802440016388363
p_54:-0.6463664826128224
p_55:-0.9760129976733909
p_56:-0.8839589963949372
p_57:0.007357565662895915
p_58:-0.7303128830811103
p_59:0.23926889510172167
p_60:0.5497888528920993
p_61:0.09810670586344439
p_62:0.2120354769976296
p_63:-0.8161705808189557
p_64:-0.3779243452746386
p_65:0.04742232412356007
p_66:-0.9918213704780976
p_67:0.5984296518858305
p_68:0.8934917837004166
p_69:0.7646250895507027
p_70:0.3717944943776841
p_71:0.7405341654963111
p_72:-0.521033523257145
p_73:0.15152363037141625
p_74:0.2541046290547617
p_75:0.8030160811696316
p_76:-0.5166885256569707
p_77:-0.1846478921259167
p_78:-0.7832851057031551
p_79:-0.16281488912501074
p_80:0.6176720977051224
p_81:-0.07426853395933719
p_82:0.08666316325561363
p_83:-0.8728703946916583
p_84:0.8114861663859603
p_85:0.9549211320857203
p_86:-0.40098495007774115
p_87:-0.6219088082771571
p_88:0.3902749343863925
p_89:-0.7242188638102665
p_90:0.3230644341265505
p_91:0.008923691135889422
p_92:0.8826119902998641
p_93:0.33986648387011553
p_94:0.5620892491128189
p_95:-0.5495294077458888
p_96:0.249075452263809
p_97:-0.5385556909192564
p_98:-0.8043420216297712
p_99:0.7777431863898945
p_100:0.5807384939991371
