initial_step:0.3185358371457392
p_0:0.2666683979737674
p_1:0.5029048080559388
p_2:-0.5822424760924234
p_3:-0.08664350285241729
p_4:0.7584237227408159
p_5:0.7787953743566862
p_6:-0.21002857927062002
p_7:0.1875908820171528
p_8:-0.5365611395935455
p_9:0.8772167265870328
p_10:-0.8223540182408045
p_11:-0.598740502359058
p_12:0.558060682476565
p_13:-0.3127873051196537
p_14:0.6581449326410502
p_15:0.49260227674826984
p_16:0.5331273835421988
p_17:-0.9713379333003562
p_18:0.725518094258206
p_19:-0.7792671907825437
p_20:-0.6195088465677845
p_21:0.8427891065209301
p_22:0.7670894278886811
p_23:0.5653935687971894
p_24:-0.3086488139329602
p_25:0.17640830256593532
p_26:0.5864669657848147
p_27:0.2279568708824542
p_28:0.4097462921000521
p_29:0.3493126370966759
p_30:-0.8308190498545478
p_31:-0.6091281035403702
p_32:-0.6422509598993227
p_33:0.582971823363259
p_34:-0.35343854884413006
p_35:-0.20371327043969312
p_36:-0.17194145171018627
p_37:-0.5224982962350624
p_38:0.575627580046141
p_39:-0.5177610025519457
p_40:-0.26733889992459314
p_41:-0.9048412334602898
p_42:-0.23901391600454658
p_43:-0.26668125628955064
p_44:-0.3321433731898926
p_45:0.5735524100345013
p_46:0.3875689647354812
p_47:-0.5472620658165863
p_48:0.9255019397042974
p_49:0.03218340439985834
p_50:0.1520768809832984
p_51:-0.568259002433851
p_52:0.9910724626389893
p_53:0.16277319856867645
p_54:0.427995216587026
p_55:0.409352592140646
p_56:-0.31961056861723347
p_57:0.500303422980422
p_58:-0.7784603206922356
p_59:0.7047260062172587
p_60:-0.052657029818326206
p_61:-0.2866381976929808
p_62:-0.3689901735784402
p_63:-0.41140478273540015
p_64:-0.9136525831274678
p_65:-0.7490148631544313
p_66:0.6555328203670396
p_67:-0.6585616399210414
p_68:-0.6522529980717278
p_69:-0.48845943954922966
p_70:-0.605804824073551
p_71:-0.260308714680189
p_72:-0.8653887500069799
p_73:0.17866184895828763
p_74:0.3160480124729914
p_75:-0.8877292715908496
p_76:0.33051347124028596
p_77:-0.06617328363796027
p_78:-0.16549827201795408
p_79:0.2869410564351582
p_80:0.7287315142531221
p_81:-0.4763652973020909
p_82:0.9364818103852228
p_83:0.7010629340918411
p_84:-0.7708982006410043
p_85:-0.537088256858973
p_86:-0.3132846477276461
p_87:0.5506564197243133
p_88:-0.42845007037865335
p_89:-0.4366015126637872
p_90:-0.6631554924820497
p_91:-0.5558750150187393
p_92:-0.7765641497805085
p_93:0.6993510705257453
p_94:-0.6564074722217639
p_95:-0.16723552146272525
p_96:0.21729191499742595
p_97:0.43835797104339225
p_98:-0.11347877150824726
p_99:0.26484764964676955
p_100:-0.826817937877824
