initial_step:0.4188382333620245
p_0:0.6585026932868709
p_1:0.46285800907109365
p_2:-0.8973145218957348
p_3:0.5676359551054502
p_4:-0.7677025382274423
p_5:0.6176779610718934
p_6:0.3467724066511717
p_7:0.6951742982637947
p_8:0.3602834833493551
p_9:-0.33837768807056334
p_10:0.49771965391206097
p_11:0.31614749158587996
p_12:-0.6468547978647665
p_13:0.04169681634854072
p_14:0.9346537606909242
p_15:-0.9679717953382627
p_16:0.7918113346599984
p_17:0.07890807646958176
p_18:0.03458161085335898
p_19:0.35130717252938193
p_20:-0.9459455163521469
p_21:-0.4499409323615349
p_22:-0.8018168782043946
p_23:0.1443476098338745
p_24:-0.35691443344673424
p_25:-0.8357817829236911
p_26:0.4214746633627431
p_27:0.1781368838224615
p_28:-0.228749325023357
p_29:0.3258770058217746
p_30:-0.5503416092952704
p_31:-0.17076839332415839
p_32:0.9891024159596387
p_33:-0.7607133285151533
p_34:0.10762558585164839
p_35:-0.5981185852523039
p_36:-0.1729573682285559
p_37:0.7417140816896683
p_38:-0.6809776762458601
p_39:-0.6924321037628505
p_40:-0.5505995511960122
p_41:0.26142267497193883
p_42:-0.3718474192845507
p_43:-0.5884078019590873
p_44:0.713948395263698
p_45:-0.522588442682729
p_46:0.26837081178103905
p_47:-0.666445881658948
p_48:-0.3187001885248948
p_49:0.6714077590864507
p_50:-0.6250160899662529
p_51:-0.5324778548387801
p_52:0.4906567986517545
p_53:0.8415283629754464
p_54:0.2188614241979101
p_55:0.797306159840669
p_56:0.9178819873427908
p_57:-0.7638756004751779
p_58:-0.8814993977196317
p_59:-0.8170818290691468
p_60:-0.6010899173363349
p_61:0.5688745251214156
p_62:-0.9875535860868088
p_63:-0.4533495145167026
p_64:0.2684886662564514
p_65:-0.31398783534884855
p_66:-0.2617506976787358
p_67:-0.5849655373696456
p_68:0.8648737425815896
p_69:-0.5916329034181191
p_70:-0.6965505777445451
p_71:0.8936584264864842
p_72:-0.020444720413037576
p_73:-0.12436754401413763
p_74:-0.19266882758739845
p_75:0.040261112743251504
p_76:-0.5204897851745629
p_77:0.6654158544608919
p_78:0.47922143245812654
p_79:0.5689251508081752
p_80:-0.9701976431147192
p_81:-0.47473694675334266
p_82:0.677951021828378
p_83:-0.44981519845638984
p_84:0.9011863466005623
p_85:-0.7389386955213706
p_86:-0.24069218010811277
p_87:0.30408860073913235
p_88:0.5148582953970813
p_89:0.10954647289462249
p_90:0.14045507408066515
p_91:-0.043035250201382214
p_92:0.7557575391997244
p_93:-0.9255796616444105
p_94:-0.34403951574676017
p_95:0.7455631959927347
p_96:0.7662460252412973
p_97:0.8656170390777531
p_98:0.8928003707240744
p_99:-0.5330274797360948
p_100:-0.09210183546986239
