initial_step:0.3043908360465286
p_0:-0.4541074741284954
p_1:0.6323143641650817
p_2:-0.32501571165622933
p_3:-0.8448210700890344
p_4:-0.41568354930744955
p_5:-0.9296801520724096
p_6:0.9847019717540564
p_7:-0.6140448086931454
p_8:-0.7708521446935195
p_9:0.61562538537299
p_10:-0.5656380482123049
p_11:-0.9749278953704676
p_12:0.3017733809194769
p_13:0.8162208406867124
p_14:0.7796083637818509
p_15:0.8282921938012693
p_16:0.293560130974015
p_17:0.5323828087660205
p_18:0.8649617352419972
p_19:-0.09727003752072627
p_20:0.8313496105593199
p_21:0.4938612353586995
p_22:0.08520732099721395
p_23:-0.6828848360387849
p_24:0.04792010891016507
p_25:0.576308867193182
p_26:0.015847577100767563
p_27:-0.2640731159445644
p_28:-0.6207683459844902
p_29:-0.9729125541474368
p_30:-0.9491113953273367
p_31:-0.23791030681157244
p_32:-0.510988261233436
p_33:-0.92129385406829
p_34:-0.7998252529800849
p_35:0.80280919644136
p_36:0.5865711870121264
p_37:-0.30630785574133657
p_38:0.39403935047916816
p_39:-0.533874918558485
p_40:0.8769336692983978
p_41:0.03989173625826026
p_42:0.25341533338641953
p_43:-0.03722895465717513
p_44:0.9062638017387599
p_45:0.8808629754167812
p_46:-0.9917734608086604
p_47:-0.6338697411046637
p_48:-0.8023851852006592
p_49:-0.8238717419409889
p_50:0.9984562866331248
p_51:0.39721103472890396
p_52:-0.19516156992734346
p_53:0.009502096901137458
p_54:-0.05881464166610395
p_55:-0.2993473906411783
p_56:0.9938622578292184
p_57:-0.5508547908481645
p_58:0.8791483653137544
p_59:-0.0007207431539795195
p_60:0.9144771276211361
p_61:-0.5061866285729371
p_62:0.5588945068250173
p_63:0.6515511314547682
p_64:-0.13118974830490715
p_65:0.18963719394641743
p_66:0.4323440462154928
p_67:-0.5724858414755241
p_68:-0.9818975457372623
p_69:0.018648959205155524
p_70:-0.37182832418019607
p_71:0.8373597307048659
p_72:-0.20373284257695423
p_73:-0.9736473245997124
p_74:-0.023627142291798187
p_75:-0.31189363430676065
p_76:-0.6437027592283346
p_77:-0.8201142682355254
p_78:-0.397917067007046
p_79:0.20443135860593098
p_80:0.04898819470336746
p_81:0.13841257066694568
p_82:0.550949723613992
p_83:-0.8505978558328631
p_84:-0.19102656468299428
p_85:0.5078786838304312
p_86:0.08300950617407676
p_87:-0.12065879651908307
p_88:0.5218050210673584
p_89:-0.7788497435441029
p_90:0.9491513724576033
p_91:0.7810398858877128
p_92:-0.24768850010049004
p_93:-0.31683704641127997
p_94:0.5584667697879884
p_95:-0.5331686317540212
p_96:-0.6746729895283821
p_97:-0.3132589574499913
p_98:-0.582296394835321
p_99:0.6415211556387552
p_100:0.8978140430802808
