sigma_0:-1.214729991107175
sigma_1:0.5872057991902182
sigma_2:0.7746364980092433
sigma_3:-0.4530091841300519
sigma_4:-0.11382132796887004
sigma_5:-0.36950242044980686
sigma_6:1.3682409541236407
sigma_7:-1.3772220987118216
sigma_8:0.22270547329475365
sigma_9:-1.2515931643273983
sigma_10:0.36373172293394695
sigma_11:0.5487854881720846
sigma_12:1.235275090169554
sigma_13:-0.43406514568102555
sigma_14:-0.8874431729730263
sigma_15:1.8952644752789432
sigma_16:1.3962441006575146
sigma_17:-0.945284062842424
sigma_18:0.3246453773916579
sigma_19:-0.9147649721191876
sigma_20:-0.1729819898538613
sigma_21:-1.903790460206915
sigma_22:1.1412151390586283
sigma_23:-0.3081328822151507
sigma_24:0.852137884637898
sigma_25:-0.29566707275489074
sigma_26:-0.152532194069242
sigma_27:0.7489326234216463
sigma_28:0.15558541226698322
sigma_29:0.5926588629022849
sigma_30:0.06360916831988228
sigma_31:-2.4702837207441752
sigma_32:0.14643014141379265
sigma_33:1.1655937337715936
sigma_34:0.1255219144902897
sigma_35:-2.282322183720394
sigma_36:0.40989695750447275
sigma_37:-1.1053190927117376
sigma_38:0.29192752553722057
sigma_39:0.025965113560930654
sigma_40:-0.6623859411736069
sigma_41:1.964661141358702
sigma_42:-0.24628050752274316
sigma_43:0.707900607689761
sigma_44:-0.1185199420171333
sigma_45:-2.79415474753672
sigma_46:-2.041617795291169
sigma_47:-0.08601281959810428
sigma_48:-1.550336755319805
sigma_49:-0.5308281919399271
sigma_50:0.5669999445243045
sigma_51:-0.4308018378437894
sigma_52:-0.46005080380094715
sigma_53:0.3507823934202437
sigma_54:-0.3956618230873013
sigma_55:-1.788440658009749
sigma_56:-0.42735724705162864
sigma_57:0.44506950731909484
sigma_58:1.3531236682669776
sigma_59:0.8633748082839674
sigma_60:0.33026549659268545
sigma_61:-0.9701608767759262
sigma_62:1.5386674312103177
sigma_63:-0.1542970409150172
sigma_64:-1.6233500985219804
sigma_65:1.0275073569551074
sigma_66:1.1575574505126465
sigma_67:-1.727257677803069
sigma_68:-1.4563571931464143
sigma_69:-0.30552762374325004
sigma_70:-0.637961622084609
sigma_71:0.585581655325399
sigma_72:-0.5699588306203495
sigma_73:0.6948240803399542
sigma_74:-0.10323838062643179
sigma_75:0.04009992483001398
sigma_76:1.2033767148634187
sigma_77:-2.093099276331927
sigma_78:-1.7013713653462197
sigma_79:0.4953516373616728
sigma_80:1.6176392526661987
sigma_81:-0.39294689721889675
sigma_82:1.0875005297329283
sigma_83:-0.5735864248679334
sigma_84:0.5784983205892954
sigma_85:1.6158359912300297
sigma_86:0.013790142885189387
sigma_87:1.2100455948130213
sigma_88:0.04256200128560344
sigma_89:-0.989635029870055
sigma_90:0.7443466380766784
sigma_91:1.4233407336035016
sigma_92:-0.25789238127709296
sigma_93:-0.6394996124913935
sigma_94:0.703610477072171
sigma_95:-0.23196072963740763
sigma_96:0.7672602024442642
sigma_97:0.9759869351853934
sigma_98:-0.9686324313448459
sigma_99:-0.03114851742484563
