sigma_0:-1.1395748380941897
sigma_1:0.29130655928383686
sigma_2:-0.5065521092533337
sigma_3:-1.3227459344500083
sigma_4:1.9910964773371966
sigma_5:-0.5565394474570248
sigma_6:0.6452424309764137
sigma_7:-0.21533075291964895
sigma_8:-0.6779832032399576
sigma_9:-0.7026332854122729
sigma_10:-1.1483239957140188
sigma_11:-0.4034843992006352
sigma_12:-1.0978986880331798
sigma_13:-0.9722049598836605
sigma_14:-1.815377727972513
sigma_15:-0.9212812211768372
sigma_16:-0.406665150813803
sigma_17:1.6590208376362747
sigma_18:0.9388552344625318
sigma_19:-0.7379117866434632
sigma_20:-0.3894495651768025
sigma_21:1.6385867774416116
sigma_22:0.14496616295957637
sigma_23:0.6864796961367364
sigma_24:1.4901779353313873
sigma_25:0.6103121831451225
sigma_26:0.23536014058647353
sigma_27:1.1732206489729935
sigma_28:0.8811245685512884
sigma_29:-1.8337995862458902
sigma_30:-0.2280544930155383
sigma_31:-0.6823328699961977
sigma_32:-2.143292897848067
sigma_33:-1.6804900801652396
sigma_34:2.0082390311918195
sigma_35:1.458352760787624
sigma_36:-1.1811742982180264
sigma_37:-0.2732790567347251
sigma_38:-0.296866934963472
sigma_39:0.9094232083564524
sigma_40:-0.45465814416540756
sigma_41:1.174251137936178
sigma_42:-0.5830161462186726
sigma_43:0.12208558462294114
sigma_44:-0.8709176541116384
sigma_45:0.8128131955053933
sigma_46:-1.1911428972384341
sigma_47:0.2203010404017053
sigma_48:-1.371779024882583
sigma_49:-0.36261818381830996
sigma_50:-0.9011051163375431
sigma_51:-2.0143795229279147
sigma_52:-0.6539644397008036
sigma_53:-0.7023540935453809
sigma_54:2.105388672311558
sigma_55:-0.9534157680888844
sigma_56:0.24799339498221318
sigma_57:2.03820149824323
sigma_58:0.5061332047069782
sigma_59:0.9070570740395991
sigma_60:-0.5384197048270339
sigma_61:-0.6141824930192876
sigma_62:1.3853652701536825
sigma_63:0.8556047121590724
sigma_64:-1.452291118861423
sigma_65:0.38331540870516545
sigma_66:0.3523636706394937
sigma_67:-0.2356600841762101
sigma_68:0.5929659606437914
sigma_69:0.9017264619764175
sigma_70:1.7953242203057886
sigma_71:0.10977863319188977
sigma_72:-0.5107031434879808
sigma_73:0.5409494929521173
sigma_74:-0.6835372294295992
sigma_75:1.7505003885856012
sigma_76:1.1650552532397538
sigma_77:0.2019044643650199
sigma_78:0.736466755771687
sigma_79:-1.86394170556841
sigma_80:-0.6978047142016855
sigma_81:0.3495959731144058
sigma_82:-0.46463450088954206
sigma_83:0.02375750580319361
sigma_84:0.42059342531463384
sigma_85:-1.354580814078396
sigma_86:-1.3143524401464175
sigma_87:0.7513184845701486
sigma_88:-0.3633606173765142
sigma_89:1.0301107885499767
sigma_90:1.6805615991786078
sigma_91:-0.9153051419599579
sigma_92:0.8420998089128309
sigma_93:-0.2842196555023208
sigma_94:0.8250090245508734
sigma_95:0.4513531316037394
sigma_96:1.3631225643131435
sigma_97:0.2630658223633742
sigma_98:-0.1663792693987403
sigma_99:0.8589721334380942
