sigma_0:-0.9953018831920571
sigma_1:-0.7047727391545249
sigma_2:1.1389615494150995
sigma_3:-0.2460942439625861
sigma_4:1.842235264674898
sigma_5:0.6576542034224824
sigma_6:-0.2140004566767523
sigma_7:-0.5791175057099575
sigma_8:1.8299359023581638
sigma_9:-0.7541796836388527
sigma_10:1.8739943072321101
sigma_11:0.7021545060901754
sigma_12:-0.07037688794486802
sigma_13:0.9256599393791112
sigma_14:0.9255128159238957
sigma_15:1.557636914055257
sigma_16:0.6653167845592495
sigma_17:-1.3486547619886062
sigma_18:0.9034849666660493
sigma_19:0.8725622941315203
sigma_20:0.09369956922190333
sigma_21:0.7089878526753447
sigma_22:-0.32173289517117637
sigma_23:0.2069117656319408
sigma_24:0.4105647500574908
sigma_25:2.351773562959559
sigma_26:-0.4761489807627987
sigma_27:-1.9730783882832417
sigma_28:-0.38924313568357893
sigma_29:0.6526230067354514
sigma_30:1.3551573713991127
sigma_31:0.4437955442614033
sigma_32:-0.5496133245298861
sigma_33:-0.49352922891771334
sigma_34:0.13537142736091254
sigma_35:-1.4079678184121507
sigma_36:-0.5848966358160417
sigma_37:0.029640285323986732
sigma_38:1.6571349140592573
sigma_39:1.0629148989577721
sigma_40:1.4507163960966802
sigma_41:0.8509290187258607
sigma_42:0.17382333222695687
sigma_43:-0.10258436722945931
sigma_44:-0.24258385974989727
sigma_45:0.4478026715678788
sigma_46:-1.3662776090738982
sigma_47:-0.6300348622837094
sigma_48:1.6665966684340014
sigma_49:0.4757846492257878
sigma_50:-0.1254725896383964
sigma_51:-0.5117512041989942
sigma_52:1.7380842033580624
sigma_53:-0.2360877432760302
sigma_54:-0.49570451639429963
sigma_55:-0.5903117069964953
sigma_56:-1.434233943756074
sigma_57:-0.27509553829939715
sigma_58:-2.6228651843884556
sigma_59:0.6693773567657029
sigma_60:0.7143966010661104
sigma_61:-0.03854433013694998
sigma_62:-0.6590327720572849
sigma_63:1.3127603350195851
sigma_64:-0.8969214233854439
sigma_65:-0.0005282081278857629
sigma_66:0.29371753682575596
sigma_67:1.5421393647004686
sigma_68:-0.9662745494808224
sigma_69:0.7051535985052656
sigma_70:-1.7824510285563417
sigma_71:0.1768107683296182
sigma_72:0.5545966441717953
sigma_73:-0.3672786499124573
sigma_74:0.49832079034143867
sigma_75:-0.8719230565990735
sigma_76:-0.15430194268979425
sigma_77:-0.14686605531453054
sigma_78:-0.24645154995744867
sigma_79:-0.9766302018145957
sigma_80:-0.7870551039053002
sigma_81:0.5818266190924286
sigma_82:0.7196469118155605
sigma_83:-0.8839629456066656
sigma_84:-0.024560375449835692
sigma_85:-0.2405632721957445
sigma_86:-1.8649388048509565
sigma_87:-0.7614844659973793
sigma_88:1.0670689750327154
sigma_89:-0.3507121844820589
sigma_90:0.522801492268345
sigma_91:0.5746888554390426
sigma_92:0.13586601219633118
sigma_93:0.7529127977846295
sigma_94:-0.5989881419595737
sigma_95:-1.8687408261850662
sigma_96:-1.9880993437909764
sigma_97:-0.19819908772674394
sigma_98:0.3383133411329372
sigma_99:-1.6347524652101912
