sigma_0:-0.9703438669387617
sigma_1:1.115608722264006
sigma_2:2.1265467226420016
sigma_3:-1.3822794732350754
sigma_4:0.31215357618579
sigma_5:0.047859637621919596
sigma_6:1.3402986872949183
sigma_7:-2.1447438590510512
sigma_8:-1.5427029125541138
sigma_9:0.16493422509032984
sigma_10:-1.30975438241688
sigma_11:0.13813729845844874
sigma_12:1.6899624676897127
sigma_13:-0.5930721948548565
sigma_14:0.02534952183518124
sigma_15:-1.1006823091006357
sigma_16:-0.7841297638434862
sigma_17:-1.2286427373696969
sigma_18:0.5009082943465831
sigma_19:-0.140266716051094
sigma_20:-1.2280776823128274
sigma_21:-1.7387132303035544
sigma_22:0.5376137607322545
sigma_23:0.29568171446846253
sigma_24:-1.3561814502368499
sigma_25:-0.018037504567216017
sigma_26:0.41865890162958724
sigma_27:-1.5748893739073788
sigma_28:0.9424304467115171
sigma_29:-0.4146785411087801
sigma_30:-0.5978548904625548
sigma_31:2.335229216666967
sigma_32:1.098887989181074
sigma_33:-2.2450599915689793
sigma_34:-0.17406313968375756
sigma_35:0.5436481804914993
sigma_36:-1.2652838392551435
sigma_37:0.2890737213819855
sigma_38:-0.32627768409942426
sigma_39:0.33759502221836807
sigma_40:0.8585019220059341
sigma_41:-1.8216150527365214
sigma_42:-0.2554708047930068
sigma_43:-0.6266604748215465
sigma_44:-0.9763761079084933
sigma_45:0.5073714836477277
sigma_46:-0.3126208069857518
sigma_47:1.7242519973550718
sigma_48:-0.368505109744238
sigma_49:0.6814730590160186
sigma_50:-0.13605684385959135
sigma_51:-0.4609203420608467
sigma_52:-0.37826322210537994
sigma_53:-2.0279185161594926
sigma_54:0.4889977819216148
sigma_55:0.1574252380557071
sigma_56:0.5409561787137066
sigma_57:-0.24874410992703572
sigma_58:-0.8804006634829923
sigma_59:-0.3531758625242824
sigma_60:2.719658511652761
sigma_61:-0.5646296576353839
sigma_62:-2.3349483437168566
sigma_63:-0.6907317209581725
sigma_64:0.1634276155800949
sigma_65:0.21983275813785938
sigma_66:0.7767714485002244
sigma_67:0.3110527693239791
sigma_68:1.5684983276061335
sigma_69:-0.9488582400662997
sigma_70:2.4464427717687385
sigma_71:1.1708544598832322
sigma_72:0.7106584889626721
sigma_73:-1.5005100452743314
sigma_74:1.0049201517802833
sigma_75:-0.028432404568356554
sigma_76:-0.4771838396742273
sigma_77:-0.10635806272875238
sigma_78:-0.651367754505343
sigma_79:0.8472025491103333
sigma_80:-0.10829988105422851
sigma_81:-1.317536025917907
sigma_82:0.9293980692069324
sigma_83:0.6158678311963607
sigma_84:0.609597333137621
sigma_85:0.8202202948336985
sigma_86:0.06352629830241394
sigma_87:-3.191188415946962
sigma_88:-0.6460607479276849
sigma_89:1.4516659975073634
sigma_90:-0.7095876340337669
sigma_91:-1.1985864157494268
sigma_92:-1.5220910581292064
sigma_93:-0.8132544569098704
sigma_94:-1.1689095584158677
sigma_95:0.043437211551436025
sigma_96:-1.4502512978534954
sigma_97:1.5763516435394032
sigma_98:-0.062315708512240386
sigma_99:0.2931966556735648
