sigma_0:0.21771160596996633
sigma_1:0.6160171504678725
sigma_2:-0.4688495585176769
sigma_3:0.4985060609468968
sigma_4:0.0824761506340786
sigma_5:0.998346435016291
sigma_6:-0.427331517389992
sigma_7:0.20901356443979358
sigma_8:0.9178674593569378
sigma_9:0.08821557500045933
sigma_10:0.907673336073774
sigma_11:-0.7219158557101409
sigma_12:0.0634731021303337
sigma_13:2.0607343557958013
sigma_14:1.159972616672294
sigma_15:-0.14717154768491042
sigma_16:-0.3597575950261382
sigma_17:-1.5706468859736056
sigma_18:-1.3044670345533826
sigma_19:-0.340550585464014
sigma_20:0.5247090521174401
sigma_21:-0.5188318185208324
sigma_22:-0.9375321515855589
sigma_23:0.6495569799710041
sigma_24:-1.3267395748139355
sigma_25:-0.4408486673737266
sigma_26:1.095512117755048
sigma_27:-1.3722019449397553
sigma_28:-0.4938436817039738
sigma_29:0.7370883033577657
sigma_30:-0.8233331925098238
sigma_31:-1.9177680445497436
sigma_32:1.2664859017081116
sigma_33:0.47693910922383803
sigma_34:-0.3164600448919682
sigma_35:0.15037817455911523
sigma_36:0.6747506844269195
sigma_37:-0.5153504249859117
sigma_38:-0.23135665084161855
sigma_39:0.09370782241063279
sigma_40:-1.4982380270648112
sigma_41:-1.5783823066297293
sigma_42:-0.5315921084311119
sigma_43:2.086209237328493
sigma_44:-1.0418574602114805
sigma_45:-0.7125440597169319
sigma_46:-1.9866563383791966
sigma_47:0.5842777018746901
sigma_48:0.9817115524847951
sigma_49:-0.1051202903268886
sigma_50:0.2091533450233267
sigma_51:0.6583193971494656
sigma_52:0.9555131948076386
sigma_53:-1.5239460693078477
sigma_54:0.680079449784359
sigma_55:-0.25019144974215346
sigma_56:-0.3729015219878014
sigma_57:0.11734937716290653
sigma_58:-0.5374093257300279
sigma_59:-0.01932548568395409
sigma_60:-0.9904796384785652
sigma_61:-0.13401393064110043
sigma_62:-0.7236665799624875
sigma_63:-0.7146772401695427
sigma_64:0.7932482729509717
sigma_65:1.8965225246429558
sigma_66:-1.8835270772321957
sigma_67:-1.5010362046076993
sigma_68:0.05915573217720498
sigma_69:1.2429502622379658
sigma_70:-0.9702069735731526
sigma_71:0.27817790531418235
sigma_72:-0.33450058277361777
sigma_73:-1.2349656233999906
sigma_74:-0.35275160785927673
sigma_75:0.14923366040613129
sigma_76:-0.3338653559701039
sigma_77:-0.6695848266143635
sigma_78:0.2687646522579555
sigma_79:-1.3698114768646794
sigma_80:1.108446973354145
sigma_81:1.227590899749826
sigma_82:0.5934499905535936
sigma_83:0.03729214927115665
sigma_84:1.2253293920933506
sigma_85:1.322937544924789
sigma_86:0.8656293373443978
sigma_87:-0.016794220180199725
sigma_88:-1.1127492205286391
sigma_89:-0.6965827633086671
sigma_90:0.3882915353364382
sigma_91:0.18816601366872127
sigma_92:0.6327559185486099
sigma_93:0.9483689969193695
sigma_94:-0.20862911583146243
sigma_95:1.3065997102170108
sigma_96:-1.229558166189535
sigma_97:0.9910984262335159
sigma_98:-0.8932710230098608
sigma_99:0.31809205378297595
