sigma_0:-0.6339182185412688
sigma_1:-1.030147897546532
sigma_2:-0.27766566331873943
sigma_3:0.9665570131224015
sigma_4:-1.0652682477992292
sigma_5:0.8312327505240796
sigma_6:-0.7417546345890665
sigma_7:-0.43075762793564987
sigma_8:0.6074122296935601
sigma_9:1.4756194378280836
sigma_10:-0.8803779334707973
sigma_11:2.7139057447391446
sigma_12:0.5924961157451666
sigma_13:-2.176038826999273
sigma_14:-0.5199866348546917
sigma_15:-1.121865860155492
sigma_16:-0.3520201814028241
sigma_17:0.589057731505204
sigma_18:-0.7208132127426156
sigma_19:0.18382952808676262
sigma_20:0.5231258288223507
sigma_21:-0.40417221951663174
sigma_22:0.47167895487325584
sigma_23:0.43322089537107183
sigma_24:1.8158025689663924
sigma_25:0.3216021613311155
sigma_26:0.004577577902765029
sigma_27:-1.5139527529026904
sigma_28:-0.9621707838025193
sigma_29:-0.5754625872578722
sigma_30:-0.8156574745884396
sigma_31:0.5744232213942906
sigma_32:-0.06533194307593702
sigma_33:-0.5931290378366435
sigma_34:2.1034976689992657
sigma_35:-0.01043290881566398
sigma_36:1.0884612393417947
sigma_37:0.5889725197642699
sigma_38:1.3743330240822555
sigma_39:-0.04129599092688712
sigma_40:0.9856822677446703
sigma_41:0.76072923165651
sigma_42:2.2520643377909226
sigma_43:-1.8217381796626804
sigma_44:-0.6698902585456837
sigma_45:2.0747138155347824
sigma_46:-0.47579772120670516
sigma_47:1.3126473852301668
sigma_48:-2.298788602146704
sigma_49:-0.47287637839179686
sigma_50:0.1505050716739427
sigma_51:1.237322222639385
sigma_52:-0.25403035933153967
sigma_53:0.10977525955811009
sigma_54:-1.047709014226416
sigma_55:0.28154525343347964
sigma_56:-0.3826853204528651
sigma_57:-1.4010500057160822
sigma_58:0.24419706826637047
sigma_59:-0.0848680080534539
sigma_60:-0.4105682065947933
sigma_61:1.2299724335149742
sigma_62:0.5624714578142662
sigma_63:1.3647033756582152
sigma_64:1.2396469548472646
sigma_65:-0.4792037605372528
sigma_66:0.39401587018542306
sigma_67:-2.3272887132381355
sigma_68:0.5134854791573635
sigma_69:0.5458539538123024
sigma_70:0.7454537847419037
sigma_71:-0.553116841097438
sigma_72:1.1280702085709686
sigma_73:-0.22855228038232206
sigma_74:-0.09707397250435239
sigma_75:-1.0347742759045266
sigma_76:-0.12876793129682768
sigma_77:0.42612124716428995
sigma_78:1.106258628271876
sigma_79:-2.2116387722582966
sigma_80:-0.9311595276545088
sigma_81:0.20081465939901505
sigma_82:1.284482718338121
sigma_83:0.3465797403915673
sigma_84:-1.552778606326365
sigma_85:1.6621709536874558
sigma_86:1.818796775272827
sigma_87:-0.012339581514222275
sigma_88:1.0049308089732687
sigma_89:-0.09103618453709711
sigma_90:-0.7754592314492788
sigma_91:-1.241427486068937
sigma_92:-0.5669937652702277
sigma_93:-1.4976770815576366
sigma_94:0.7621518450305586
sigma_95:-0.8226150108096861
sigma_96:1.7554256941380963
sigma_97:0.28977921703021847
sigma_98:-1.1548168154730156
sigma_99:-0.3823294125287471
