sigma_0:2.311765522123698
sigma_1:0.6891347774054446
sigma_2:-1.5882942094259436
sigma_3:-0.8200246557310276
sigma_4:-2.3377498082908192
sigma_5:0.3725400342502685
sigma_6:0.6014888019233023
sigma_7:-0.7503984359625439
sigma_8:0.2673217680909203
sigma_9:0.08831635126058483
sigma_10:0.12237953370118716
sigma_11:-0.4373354194295754
sigma_12:-0.8687126947832885
sigma_13:1.0401898394078437
sigma_14:-0.8208555410975008
sigma_15:0.04554482969985816
sigma_16:1.7226527403391407
sigma_17:-0.9145653907395241
sigma_18:-0.552215158044348
sigma_19:-0.5281440582880697
sigma_20:0.24006257056555655
sigma_21:-0.15968074016300424
sigma_22:-0.3779237833527656
sigma_23:0.6537265227491257
sigma_24:0.5058349891262558
sigma_25:1.1219346920475575
sigma_26:-0.04186958449798764
sigma_27:1.3208604689630108
sigma_28:-0.28671785979058745
sigma_29:1.157906303116624
sigma_30:-1.0228929285098673
sigma_31:-0.44721641150275016
sigma_32:-0.2518288412377238
sigma_33:1.1050309331959691
sigma_34:-0.13497083893448145
sigma_35:0.32881408012261093
sigma_36:-0.8277536678990347
sigma_37:1.089244235426364
sigma_38:1.3510775611883217
sigma_39:-1.133614862899732
sigma_40:-0.5107214035993988
sigma_41:0.22031866204772776
sigma_42:1.0280056659049457
sigma_43:0.11198657065486202
sigma_44:-1.2124669252180276
sigma_45:0.6769463302055988
sigma_46:0.6178189216735389
sigma_47:0.4639864652440975
sigma_48:-0.6741688139370959
sigma_49:0.04848924821644825
sigma_50:-0.1418474698555347
sigma_51:0.7777679570109467
sigma_52:0.127159215610181
sigma_53:1.3866776429695815
sigma_54:0.6522764207524157
sigma_55:-0.6858459939195468
sigma_56:1.063707231189878
sigma_57:0.3943739431624639
sigma_58:-0.7531158762575679
sigma_59:0.8792240176026421
sigma_60:-1.2584784339109403
sigma_61:-0.47043517628795567
sigma_62:1.4052591962090493
sigma_63:-1.4142118576580298
sigma_64:1.229897928259641
sigma_65:0.17069827850437105
sigma_66:1.2491145446107037
sigma_67:-0.6288318448460012
sigma_68:-1.1206136867958745
sigma_69:-0.6877347030407912
sigma_70:1.5200893571594312
sigma_71:0.052584940072405585
sigma_72:0.07744826943840903
sigma_73:-0.5849042376551438
sigma_74:1.001044212491538
sigma_75:-0.23661781878398505
sigma_76:0.4222516595262284
sigma_77:0.7516042622024901
sigma_78:0.045579399551564204
sigma_79:0.14537896968328107
sigma_80:1.8812735892122299
sigma_81:0.180851786871173
sigma_82:-1.424699440893785
sigma_83:1.3829643292011202
sigma_84:0.31763194546026813
sigma_85:0.5681686441462238
sigma_86:2.5640036346665287
sigma_87:0.10372798058472311
sigma_88:0.13851037312227624
sigma_89:0.3551470272788623
sigma_90:-0.5616637427672982
sigma_91:-0.030447441956749685
sigma_92:-0.8676310953535148
sigma_93:-0.9955143935375519
sigma_94:-0.275805973698288
sigma_95:2.1549621203499294
sigma_96:1.3398146706628409
sigma_97:-0.17639044838556292
sigma_98:-0.5071287415898612
sigma_99:-0.8360514745887438
