sigma_0:-2.929909224753637
sigma_1:0.018247553738847754
sigma_2:0.5982774899720921
sigma_3:-0.6031319970811355
sigma_4:0.8281453665534575
sigma_5:0.21539761203584137
sigma_6:0.9853387827241341
sigma_7:-0.1706092624776899
sigma_8:0.2510043534503372
sigma_9:0.04127173409807681
sigma_10:-1.6104452499592956
sigma_11:-0.10503022116463849
sigma_12:-1.1361869023174245
sigma_13:-0.38939131494716245
sigma_14:-0.06664984659355894
sigma_15:-0.8268770336444332
sigma_16:-0.704595812516458
sigma_17:0.5392852324712764
sigma_18:-0.40488308436072484
sigma_19:0.08557671522750769
sigma_20:-9.786965967247198e-06
sigma_21:-0.5145813829849051
sigma_22:-1.3118182383797146
sigma_23:0.6297653020745381
sigma_24:0.3177083664406543
sigma_25:0.1362161688514182
sigma_26:-0.4848926842360635
sigma_27:-0.29379667548593036
sigma_28:-0.27755646430213765
sigma_29:-0.5158560375395066
sigma_30:0.2183776891546176
sigma_31:0.35597743015671524
sigma_32:0.9888481667319994
sigma_33:2.124357777962517
sigma_34:-0.721958896193414
sigma_35:-0.05380049310656744
sigma_36:-2.24799254978373
sigma_37:0.11436006107845657
sigma_38:1.0215956730303664
sigma_39:0.6435715051074447
sigma_40:0.2722734758646104
sigma_41:1.8630881787504365
sigma_42:2.276855732469028
sigma_43:0.7119948303291584
sigma_44:1.4150474626611214
sigma_45:0.5609458858667791
sigma_46:1.6428076776531852
sigma_47:0.2185448596994722
sigma_48:-2.1267047036570355
sigma_49:-0.513165836928984
sigma_50:-0.01690778524578816
sigma_51:2.1028338431232627
sigma_52:1.5453542454759392
sigma_53:0.05158980003795774
sigma_54:0.9360333191105478
sigma_55:-1.316460665821215
sigma_56:0.07363551894756212
sigma_57:0.9226958309344817
sigma_58:2.023733350355385
sigma_59:1.695329405926159
sigma_60:1.353248801078757
sigma_61:-0.5957335955081591
sigma_62:-1.969065317743764
sigma_63:-0.4125697157305286
sigma_64:0.35484032270652877
sigma_65:-0.8812503178148225
sigma_66:-2.4372929610827385
sigma_67:-1.4615403809819556
sigma_68:-0.3206543629411835
sigma_69:-0.4015311346939042
sigma_70:1.1739560837498035
sigma_71:0.45992499067286263
sigma_72:0.293275373174196
sigma_73:-0.7405266346964086
sigma_74:-0.44098886104643664
sigma_75:-0.10816379714561611
sigma_76:0.6208122639488103
sigma_77:-0.8787800357251202
sigma_78:-0.7155420395953619
sigma_79:-0.6528302243496404
sigma_80:-0.6798319326308694
sigma_81:1.7325278306371852
sigma_82:0.8859689788055682
sigma_83:-0.6439667694957101
sigma_84:1.4260910890622525
sigma_85:-0.03461553596302663
sigma_86:0.26263241777735513
sigma_87:-1.3533770702024315
sigma_88:-0.34724906597959676
sigma_89:-0.12407348715352529
sigma_90:-0.8105958409410889
sigma_91:0.161929640240862
sigma_92:1.0992025670049292
sigma_93:1.1277142127950257
sigma_94:-1.9209439792511476
sigma_95:-0.6299498433126567
sigma_96:-0.6995084924929759
sigma_97:-1.039160214180138
sigma_98:-0.5340418848284724
sigma_99:-0.8631778488354654
