sigma_0:2.240758825577255
sigma_1:0.6884852317022264
sigma_2:-1.3126570938276678
sigma_3:-0.8525943223685556
sigma_4:-1.7530845303796057
sigma_5:-0.6801243342571626
sigma_6:0.23681646644909524
sigma_7:0.606778818310371
sigma_8:-0.3755279658165975
sigma_9:-0.9083591212926676
sigma_10:-1.1212213839285456
sigma_11:1.1391246250853653
sigma_12:-0.4140229715714979
sigma_13:0.8054816057261716
sigma_14:-1.4838209567583656
sigma_15:0.9174324183322946
sigma_16:1.6136172392888284
sigma_17:0.18089275581757475
sigma_18:1.0192528510815788
sigma_19:-0.14726280934627908
sigma_20:-1.3423005771708163
sigma_21:0.6346474165526644
sigma_22:0.1911804032544463
sigma_23:-1.3972315816994056
sigma_24:-0.5514840682657961
sigma_25:1.00113017067651
sigma_26:0.6137084457918369
sigma_27:0.01577580406521965
sigma_28:3.015146363560744
sigma_29:0.24758585092149876
sigma_30:1.4454892229280836
sigma_31:0.8836418909532646
sigma_32:0.33770827645467827
sigma_33:-0.5482785295121475
sigma_34:-1.6510779687599442
sigma_35:1.017193434026805
sigma_36:1.1548604912514644
sigma_37:-0.030078600076280673
sigma_38:-0.14431906851232182
sigma_39:-0.6809676349409108
sigma_40:0.7084159486470764
sigma_41:-2.451984155400644
sigma_42:-0.5971504856406754
sigma_43:-0.45473464759845655
sigma_44:0.09136559082324065
sigma_45:-0.07266924722712707
sigma_46:-0.8644387093775688
sigma_47:-0.7952123226108329
sigma_48:-1.3771640312484836
sigma_49:1.3566285597372805
sigma_50:-0.7456317408687272
sigma_51:-1.0171205143246942
sigma_52:0.5620928773819144
sigma_53:1.5961550508583027
sigma_54:0.03238056542267573
sigma_55:-2.065485619755272
sigma_56:0.8361724227031405
sigma_57:-0.021455902808339235
sigma_58:0.6989952197945308
sigma_59:0.3664694326772401
sigma_60:0.09445187479580708
sigma_61:-0.018926333446672255
sigma_62:0.5978396688312405
sigma_63:-0.0537954596464397
sigma_64:-0.3405265666432273
sigma_65:-0.23349005440359805
sigma_66:-0.5568017786020659
sigma_67:-1.1054656384573693
sigma_68:0.20152469738768308
sigma_69:-1.4095834008626194
sigma_70:-0.3766782247257468
sigma_71:-0.20715239912483235
sigma_72:0.22680423862480018
sigma_73:1.989410364397382
sigma_74:-0.2584199746316819
sigma_75:0.27056847128276484
sigma_76:-0.8165643784233215
sigma_77:1.8577788309521277
sigma_78:0.06787050792515051
sigma_79:-2.0050640018838863
sigma_80:-1.0567346618978561
sigma_81:-0.5189916775840969
sigma_82:-1.621876193739463
sigma_83:-1.8563905682475574
sigma_84:-0.5096955884283957
sigma_85:-1.6787157216736253
sigma_86:-0.9688109406036133
sigma_87:-1.079386049196636
sigma_88:1.2115767959097734
sigma_89:-0.37927783592063646
sigma_90:-0.9414055330604703
sigma_91:1.0791544383483056
sigma_92:1.091704291160362
sigma_93:-1.1752087042434773
sigma_94:-0.5670107354336087
sigma_95:-0.16239517269054576
sigma_96:0.8234479995356848
sigma_97:-1.5246942270956148
sigma_98:0.12282585530130452
sigma_99:-0.12448011551837958
