sigma_0:0.15574105941070726
sigma_1:0.22706741268974595
sigma_2:-2.255169761719873
sigma_3:0.667231053604018
sigma_4:0.9315527752231532
sigma_5:-1.8602610359535543
sigma_6:-2.035051535476382
sigma_7:0.28391636265263587
sigma_8:-0.7733601970537044
sigma_9:-0.78400405283764
sigma_10:-0.10161220973639234
sigma_11:1.2925952430839767
sigma_12:-0.36300870834643506
sigma_13:-0.964983637862449
sigma_14:-0.4204909361920935
sigma_15:-1.0695009783171172
sigma_16:-2.018772482973645
sigma_17:-0.12117160278970633
sigma_18:0.1952986898190168
sigma_19:0.7305175099313489
sigma_20:0.30683959193880855
sigma_21:0.12990470575001858
sigma_22:-0.1873275591097651
sigma_23:-0.714711675694246
sigma_24:1.1984838932187538
sigma_25:-0.6560992945483908
sigma_26:0.942286296499544
sigma_27:0.3265511011134174
sigma_28:-1.1357830435145981
sigma_29:0.4780372928527449
sigma_30:-0.6381034809528965
sigma_31:0.5869859624754947
sigma_32:-0.1962490581717192
sigma_33:-1.6116750789924796
sigma_34:1.1297057295800712
sigma_35:0.2559046891556466
sigma_36:-2.5541959007490984
sigma_37:-1.3293888304808306
sigma_38:-0.8339892310641145
sigma_39:-0.357606588591574
sigma_40:-2.3382854691531487
sigma_41:1.3894067623032744
sigma_42:0.5606540894246178
sigma_43:-1.853270006342934
sigma_44:0.17875009604619493
sigma_45:0.27235118924519114
sigma_46:-2.1478448782644644
sigma_47:-1.245650694253465
sigma_48:-1.3541237940704474
sigma_49:-0.5902784813552089
sigma_50:0.47946762075333965
sigma_51:-0.42364646961822316
sigma_52:-0.5718022782486739
sigma_53:-0.06252974307521426
sigma_54:1.2115276700892235
sigma_55:-0.32372355154399873
sigma_56:-1.3990332267394243
sigma_57:-0.9284819840569434
sigma_58:1.5372422409109918
sigma_59:-0.03913473312518944
sigma_60:2.033187940971596
sigma_61:1.9450152296900631
sigma_62:0.7033384939925463
sigma_63:-0.08516945203328348
sigma_64:0.8261874592251089
sigma_65:2.8170133078799195
sigma_66:0.26056192150305835
sigma_67:0.13531156296709376
sigma_68:2.03326548216368
sigma_69:1.686751552863705
sigma_70:-1.029065191643429
sigma_71:0.4486430106836806
sigma_72:0.44355512777854317
sigma_73:-0.23712219613559607
sigma_74:0.8184286543658017
sigma_75:-0.5536649948567234
sigma_76:-0.26865485900597363
sigma_77:0.0204723199399196
sigma_78:0.487707839942109
sigma_79:-0.7331570961998504
sigma_80:0.9401461214244813
sigma_81:-0.36332968770056284
sigma_82:1.0350244897918344
sigma_83:-0.9612756624433849
sigma_84:0.5226960107977342
sigma_85:0.25068553155757567
sigma_86:-0.3177087160643333
sigma_87:-0.16785593169578666
sigma_88:0.5643804660537824
sigma_89:-0.7626206962296411
sigma_90:-0.5027522170231137
sigma_91:-1.8764820818812558
sigma_92:0.1819458858957902
sigma_93:0.10861193240261814
sigma_94:-0.3047620190309584
sigma_95:-0.3778580190213888
sigma_96:0.10375186775201183
sigma_97:0.10884574257407742
sigma_98:0.5268360266560412
sigma_99:1.063537281021195
