sigma_0:-1.8423999827507667
sigma_1:0.371304272909795
sigma_2:0.08158436599863342
sigma_3:2.2090802599606754
sigma_4:-0.024318234054361055
sigma_5:-0.24612699487166645
sigma_6:0.5150023338545242
sigma_7:-0.5147496671204327
sigma_8:-2.1606622106563265
sigma_9:0.07046318645544355
sigma_10:0.18949276493983833
sigma_11:1.1665683386402224
sigma_12:-1.152735520225374
sigma_13:0.5732097828839665
sigma_14:0.3751883333067734
sigma_15:0.007728547390514896
sigma_16:-0.8259679294355763
sigma_17:0.6945730614864439
sigma_18:0.08771743390860454
sigma_19:-1.4320140090963747
sigma_20:-0.0626732124670512
sigma_21:-0.6098943773966425
sigma_22:0.011759514441480868
sigma_23:-1.498599575868382
sigma_24:1.745612697716387
sigma_25:0.3143157937781826
sigma_26:-1.4184664783903416
sigma_27:-2.39748762330239
sigma_28:-1.5153720932745152
sigma_29:0.7436119550273502
sigma_30:-0.8745615928180752
sigma_31:0.47886668456650827
sigma_32:-0.4479814312205311
sigma_33:1.0941814232466047
sigma_34:-1.0264239309912975
sigma_35:-0.3625611979976116
sigma_36:-0.0833874829117887
sigma_37:0.5677223052321694
sigma_38:-0.02989764794057602
sigma_39:1.1207276053051138
sigma_40:0.4915854704399454
sigma_41:-1.110243330702133
sigma_42:-0.887060721452952
sigma_43:-1.6647085826850738
sigma_44:-0.995961401445624
sigma_45:-0.15513786854019573
sigma_46:-0.45251581508251154
sigma_47:1.3581318617069082
sigma_48:-0.2828056408443597
sigma_49:0.019797859198904207
sigma_50:0.1335021187060171
sigma_51:-0.5438759045309977
sigma_52:-1.0441555304200012
sigma_53:-1.176845614182035
sigma_54:-0.20582982627892962
sigma_55:-1.2328234486191345
sigma_56:0.655633775683443
sigma_57:-1.207401301574907
sigma_58:-1.997949723032011
sigma_59:1.812316263980589
sigma_60:0.6241171218879601
sigma_61:1.4326810406590116
sigma_62:1.366724157281421
sigma_63:0.40551921845977495
sigma_64:-1.2962117082604478
sigma_65:-0.5362033836500251
sigma_66:-0.2174683198145841
sigma_67:-0.8189623063409393
sigma_68:-2.0188791819781295
sigma_69:0.030879295514345727
sigma_70:-0.6065540044712548
sigma_71:0.08883071765131209
sigma_72:-0.13685571804968086
sigma_73:1.4877683137334508
sigma_74:1.0243782547984042
sigma_75:0.39535140667910773
sigma_76:0.2643101083547532
sigma_77:-0.5546680602136791
sigma_78:0.1353081695395442
sigma_79:-1.1760746482844964
sigma_80:-0.1853157615095683
sigma_81:0.9591357446270834
sigma_82:-2.220231652477517
sigma_83:1.0679909000500731
sigma_84:-0.3856419819554144
sigma_85:-1.1793331793687858
sigma_86:-1.7975198798502365
sigma_87:1.2483353091111788
sigma_88:1.2887672019112426
sigma_89:-0.24172088017879456
sigma_90:-0.36332094142484356
sigma_91:2.816299854678049
sigma_92:-1.2419678162907941
sigma_93:0.507188803559801
sigma_94:-0.6653566879018282
sigma_95:0.32428835785124605
sigma_96:1.51846608130992
sigma_97:0.9608609182515007
sigma_98:1.9648167849864149
sigma_99:0.16679918591948328
