sigma_0:0.1252391155831898
sigma_1:-0.8628125596446795
sigma_2:0.6315486247806165
sigma_3:-1.354726895586617
sigma_4:-1.2309329383484433
sigma_5:-0.5295986541486278
sigma_6:-0.6241695216418969
sigma_7:-1.0911579194567298
sigma_8:0.2070782824910138
sigma_9:-0.6862937745171575
sigma_10:0.9790015208507352
sigma_11:-0.7885236637114086
sigma_12:-0.9346373162750805
sigma_13:-0.794815732342687
sigma_14:-2.0711941218917773
sigma_15:0.5294564773884929
sigma_16:-0.8975180004424638
sigma_17:0.4307182391802128
sigma_18:1.1885686805513616
sigma_19:-0.614893957778169
sigma_20:-0.3455127847462438
sigma_21:-0.9663311118529218
sigma_22:-2.1916275043832836
sigma_23:-0.11582764906841092
sigma_24:-0.11696398458958657
sigma_25:1.0575466582937136
sigma_26:0.9948664516801664
sigma_27:1.6427336177360252
sigma_28:0.1574282890366646
sigma_29:1.5994115745696642
sigma_30:-0.007758710757704682
sigma_31:0.48007417324437096
sigma_32:-0.9536968565543389
sigma_33:-1.0212637057739267
sigma_34:0.07612653170134796
sigma_35:-0.10924174758442355
sigma_36:1.2703851769170338
sigma_37:-0.1316381385886599
sigma_38:1.6424271913194872
sigma_39:-0.36758630938536546
sigma_40:0.6495594634652053
sigma_41:-1.7748355693330926
sigma_42:1.7374806697966774
sigma_43:-1.2025204338044395
sigma_44:0.2412051460798533
sigma_45:-0.6299154466360954
sigma_46:-0.0976060096680352
sigma_47:-0.66084356033625
sigma_48:0.35524012604004757
sigma_49:0.5201712720565222
sigma_50:-0.4610125425531833
sigma_51:-0.9008876226532635
sigma_52:-0.05014902157321699
sigma_53:0.5318460060985242
sigma_54:0.03443504819188929
sigma_55:-0.5790160360229507
sigma_56:-0.6954566896477603
sigma_57:-0.2094338617861548
sigma_58:1.3058227731373269
sigma_59:0.04313175518679916
sigma_60:-0.633545993838685
sigma_61:1.4194505938872573
sigma_62:1.0150407891174233
sigma_63:-0.9445943581390417
sigma_64:-0.7597165421599722
sigma_65:-0.03626750122408778
sigma_66:0.7156495745246293
sigma_67:0.6102087562711752
sigma_68:-0.443376158667258
sigma_69:-0.18674033065612575
sigma_70:-1.4862561158708996
sigma_71:0.5331445926094418
sigma_72:0.8633946815088547
sigma_73:0.6430968359430556
sigma_74:-0.19090115234148194
sigma_75:0.187254364309021
sigma_76:1.2667390401689789
sigma_77:0.6866195987403324
sigma_78:0.16150759174589227
sigma_79:-0.5180188720962495
sigma_80:-0.03508786075200471
sigma_81:0.5030439118233971
sigma_82:0.1919599888055667
sigma_83:0.06789508087157119
sigma_84:0.5315263185541129
sigma_85:-0.5947568587551344
sigma_86:0.546759357191977
sigma_87:-0.5808376430633669
sigma_88:0.6456472786080211
sigma_89:-0.3949249814732946
sigma_90:-1.026117910428957
sigma_91:0.027449421894549453
sigma_92:-1.0849191665633298
sigma_93:0.24510402147823165
sigma_94:1.4268813788944628
sigma_95:0.9766918135034102
sigma_96:0.3471680061476639
sigma_97:-0.8388711538164041
sigma_98:0.4973928996527425
sigma_99:0.8788836543148599
