sigma_0:-0.13422070257428093
sigma_1:0.023076809832439364
sigma_2:-0.9911797256544166
sigma_3:0.21298205176532156
sigma_4:-0.5652563198906881
sigma_5:-0.01428703737038214
sigma_6:0.21959696665935316
sigma_7:-1.4705577262808254
sigma_8:0.32284608386502406
sigma_9:1.2005988472195501
sigma_10:1.4938610928189902
sigma_11:0.8227335036474318
sigma_12:0.7310830374005179
sigma_13:0.789747832012242
sigma_14:-0.08694046120316593
sigma_15:-0.5742068348791756
sigma_16:2.377135472892638
sigma_17:0.13171036327321567
sigma_18:1.5747308176515993
sigma_19:0.3320546623779234
sigma_20:0.560814768809079
sigma_21:0.8387987269996762
sigma_22:-1.875255428944566
sigma_23:0.30759869568192
sigma_24:-0.03741263900974154
sigma_25:0.9454310918336506
sigma_26:-0.23687942375557572
sigma_27:0.10462687969998574
sigma_28:1.0154837703853512
sigma_29:-1.14210194495683
sigma_30:1.806004143506771
sigma_31:0.5500288281958869
sigma_32:1.1007891005886825
sigma_33:-0.06961332184578015
sigma_34:-2.0013659878206456
sigma_35:-1.9292274938196243
sigma_36:-0.2859088749847552
sigma_37:-0.6868683176793082
sigma_38:-0.9901573840192445
sigma_39:1.5917112494712369
sigma_40:-0.8202348044391207
sigma_41:0.7837564181274721
sigma_42:1.046608976300022
sigma_43:0.24051986629519082
sigma_44:0.17672038290583705
sigma_45:-0.9387159384500892
sigma_46:1.3840136829293348
sigma_47:1.253105482574318
sigma_48:-0.5877445984016602
sigma_49:-0.03754885506871205
sigma_50:-0.6435399157856916
sigma_51:-0.5726366519280841
sigma_52:-2.0307133883221433
sigma_53:-0.892120796432582
sigma_54:-0.11948149745820677
sigma_55:2.113762286931273
sigma_56:0.017710516095701147
sigma_57:1.7562880080571905
sigma_58:-1.600413905481686
sigma_59:-1.2872017545399916
sigma_60:-0.2793645297258965
sigma_61:0.3032331622573423
sigma_62:-2.2697938338114096
sigma_63:1.4668653978351054
sigma_64:-1.402469142399914
sigma_65:-0.4570785565650942
sigma_66:0.11626984754364729
sigma_67:1.2291137011171023
sigma_68:-1.822252652520489
sigma_69:0.9798839080533109
sigma_70:-0.0789187505083947
sigma_71:2.216269517024796
sigma_72:-0.27978436399339046
sigma_73:-0.7065391912103297
sigma_74:0.09312748347982215
sigma_75:1.7579017483986625
sigma_76:-0.44348267851001205
sigma_77:0.5416074652785163
sigma_78:0.6626461521063242
sigma_79:-0.1718291687984333
sigma_80:0.25091680675997485
sigma_81:1.1855304468010015
sigma_82:-0.20586127161229076
sigma_83:0.25701970349140285
sigma_84:-0.04482904874992828
sigma_85:-0.5895030605470769
sigma_86:0.07026007503886939
sigma_87:0.1629892684879939
sigma_88:1.0355087389821618
sigma_89:-1.0532570220163922
sigma_90:0.30989846011361494
sigma_91:-0.04170546454772908
sigma_92:-0.5612874360087307
sigma_93:-0.1847105530487373
sigma_94:0.5928410689953655
sigma_95:-0.28774712914406864
sigma_96:1.0729020939543992
sigma_97:0.5912955734722747
sigma_98:0.7914009522752512
sigma_99:-1.8713979902947355
