sigma_0:1.7211748289232098
sigma_1:0.03906489757949521
sigma_2:-0.8775513441226303
sigma_3:0.7104789027099943
sigma_4:-0.507100278641601
sigma_5:0.5544244346206638
sigma_6:-0.40519218493672726
sigma_7:-0.4081685774451103
sigma_8:0.4813164587289621
sigma_9:-0.7800081567183907
sigma_10:0.6328452528416507
sigma_11:1.6599869918604122
sigma_12:2.141437465310739
sigma_13:-0.14832974883071126
sigma_14:0.17657151361509457
sigma_15:1.1318176975750653
sigma_16:-0.4917343267639282
sigma_17:0.1768424838044958
sigma_18:-0.15829088734473387
sigma_19:-0.3101835689908521
sigma_20:-0.7490469723145264
sigma_21:-0.9251673589326904
sigma_22:1.1882259070056527
sigma_23:1.0916771105592078
sigma_24:-0.6673227845860873
sigma_25:0.25805989960013853
sigma_26:-1.1833082562355102
sigma_27:0.40271970348051006
sigma_28:0.17860152985405298
sigma_29:0.38109250881523316
sigma_30:0.18559342896605854
sigma_31:0.42680639713188007
sigma_32:-0.9164483168867366
sigma_33:-1.334711073099045
sigma_34:-2.29247482978448
sigma_35:-0.2010683580253918
sigma_36:-1.0930963587585798
sigma_37:0.4052844747744004
sigma_38:-0.1774258203437616
sigma_39:0.4621551504609778
sigma_40:1.3496416152999458
sigma_41:1.621231432978421
sigma_42:0.8646405553302674
sigma_43:0.21548182190372728
sigma_44:0.3403921152659671
sigma_45:-0.5206579488425507
sigma_46:-1.4366669823609644
sigma_47:-0.11628073467550308
sigma_48:-1.7890588553789746
sigma_49:-0.12626341545554387
sigma_50:0.05927436997591419
sigma_51:0.27449755343132193
sigma_52:0.9321132931187216
sigma_53:1.6410355790581077
sigma_54:0.9866467856821567
sigma_55:-0.4587190644105247
sigma_56:-1.226125406199111
sigma_57:1.8261511570920281
sigma_58:0.3953852313769715
sigma_59:-0.026740672666289617
sigma_60:-2.1823411766094734
sigma_61:-0.948521998358313
sigma_62:-2.0176753161693735
sigma_63:-0.003278434807596714
sigma_64:-0.34044694231059336
sigma_65:-0.6329963421264962
sigma_66:0.8974046034632639
sigma_67:-0.812308813183391
sigma_68:0.9373054861525691
sigma_69:-1.796795154566584
sigma_70:-0.6522181610714748
sigma_71:1.9110222602044264
sigma_72:-0.23516125480873865
sigma_73:0.7663146725281262
sigma_74:0.9595705727138607
sigma_75:0.35140941449843255
sigma_76:-1.8537150190871454
sigma_77:-0.6323487104434924
sigma_78:1.5948089336493236
sigma_79:-0.7186277977306487
sigma_80:-0.745264716320103
sigma_81:1.5786380046421116
sigma_82:-0.45797304771594927
sigma_83:0.7719915519120555
sigma_84:1.4178777226938883
sigma_85:1.5142086502123473
sigma_86:1.686805331852813
sigma_87:0.6927858266448341
sigma_88:1.5242391375632096
sigma_89:0.5202465219900626
sigma_90:1.4162821245026098
sigma_91:-0.7821503037079794
sigma_92:-1.0199004262019553
sigma_93:2.10454056846518
sigma_94:-1.0343087786346252
sigma_95:-1.1061369783186128
sigma_96:-0.49955714312866417
sigma_97:-0.18065102089924623
sigma_98:-1.3081223670222277
sigma_99:0.4227192973003127
