sigma_0:0.4112861615536555
sigma_1:-0.28162940831888367
sigma_2:-0.019484223183142853
sigma_3:0.6173955758781727
sigma_4:0.036957444139201955
sigma_5:-0.48975521172642045
sigma_6:0.41514596842915463
sigma_7:-0.7706742439831326
sigma_8:0.6209354703821152
sigma_9:1.3130288964623018
sigma_10:0.544690111421606
sigma_11:-0.28326259392116193
sigma_12:0.4345670822889985
sigma_13:1.7168099477495542
sigma_14:1.2607778381795283
sigma_15:0.3908484905002431
sigma_16:1.5469185445410274
sigma_17:0.4801182149618255
sigma_18:0.16699678343838203
sigma_19:0.04336085729120079
sigma_20:-1.4363636959466046
sigma_21:-0.5807386549676702
sigma_22:-0.5379413364420855
sigma_23:1.6593006981465432
sigma_24:-0.42643644471270165
sigma_25:-0.8061945046605878
sigma_26:0.5512410717983608
sigma_27:-0.6107074057848269
sigma_28:-0.5133331672305576
sigma_29:1.242105724098698
sigma_30:1.728132831645531
sigma_31:1.5011832403183012
sigma_32:-0.9024439097052324
sigma_33:0.2305323457605624
sigma_34:-1.2110844398204554
sigma_35:-0.3137885585723816
sigma_36:0.2689208201919455
sigma_37:-1.0331936677595654
sigma_38:-0.9975160256087902
sigma_39:-0.42540491885500675
sigma_40:1.0238099051960687
sigma_41:-1.204209189393973
sigma_42:0.007427379403901948
sigma_43:-0.08026380890278498
sigma_44:2.4592439720810852
sigma_45:0.22035103032331171
sigma_46:0.43189556528049466
sigma_47:0.273138576781235
sigma_48:-0.520680394924606
sigma_49:-3.0904835411332394
sigma_50:0.9020982895637086
sigma_51:-1.4135354563114992
sigma_52:-0.32213031474807535
sigma_53:1.1565898397476662
sigma_54:-1.2706839462790485
sigma_55:0.9191852926632622
sigma_56:0.6261450235787304
sigma_57:-0.9673979829487448
sigma_58:-0.996970401639142
sigma_59:0.17834768943070622
sigma_60:-0.0739249611341431
sigma_61:0.1078705849545681
sigma_62:-0.03723172783301468
sigma_63:0.470438836631817
sigma_64:1.895325506939986
sigma_65:-0.11837802190110662
sigma_66:0.13530476995584678
sigma_67:0.06561640326053608
sigma_68:0.17981107888350706
sigma_69:-0.10908301630947968
sigma_70:1.6152164500633233
sigma_71:-0.3792732235764775
sigma_72:-0.58065485811528
sigma_73:0.36884100682259546
sigma_74:1.503530288421804
sigma_75:-1.3651620542743093
sigma_76:-1.4481229141856324
sigma_77:1.8695869136560708
sigma_78:-0.2606416723439768
sigma_79:-0.14905962234512832
sigma_80:-1.5499668762030077
sigma_81:1.775936627975606
sigma_82:1.505165593469171
sigma_83:0.8805613417243081
sigma_84:0.3784953456760088
sigma_85:1.3698777038062198
sigma_86:0.335480154791169
sigma_87:3.1607078547980345
sigma_88:-0.3192535806964261
sigma_89:0.6114202773056976
sigma_90:-1.1085052997930873
sigma_91:-1.2570059776744589
sigma_92:1.1953775319823383
sigma_93:-1.2713753644915644
sigma_94:-0.5364841187914768
sigma_95:-0.906429820375735
sigma_96:-0.4727464010836738
sigma_97:0.15832634550577973
sigma_98:0.36756273878148793
sigma_99:0.4321006722738457
