sigma_0:-0.6448068891471848
sigma_1:-0.12401026007086682
sigma_2:0.3141829137094925
sigma_3:-1.2494214389375429
sigma_4:-0.13534647162477864
sigma_5:-0.7157612862394023
sigma_6:-0.9684314596504996
sigma_7:-0.26382982153305523
sigma_8:-1.0637851860431933
sigma_9:-0.44843971496070706
sigma_10:-0.12675805829140327
sigma_11:0.08282385229056669
sigma_12:0.7118113456871416
sigma_13:-0.5116158423906696
sigma_14:0.9148581084058157
sigma_15:-1.05725277345198
sigma_16:-1.1864378699899611
sigma_17:-0.06339394630233643
sigma_18:-0.17206848984373332
sigma_19:-0.4497971234157252
sigma_20:-1.0830743271881849
sigma_21:1.4028507229737297
sigma_22:0.12288890732553347
sigma_23:-0.8886260802096295
sigma_24:0.0063043100073601165
sigma_25:0.710115897969233
sigma_26:1.6664254951221416
sigma_27:0.23770246713809529
sigma_28:-0.08399755171873088
sigma_29:0.5864979362365024
sigma_30:0.7870194762716646
sigma_31:-0.7315146465150612
sigma_32:-0.48414393029215863
sigma_33:-1.0838738191070354
sigma_34:1.301953212846503
sigma_35:-1.7432052053101685
sigma_36:-0.1418172404406222
sigma_37:2.0265888592714383
sigma_38:0.751721511275382
sigma_39:0.13126363257191748
sigma_40:-1.5751072135280266
sigma_41:-0.1570157095749771
sigma_42:0.2336909422677357
sigma_43:0.9072200110825778
sigma_44:0.14044919328955952
sigma_45:-0.8287546201759198
sigma_46:1.0848156618944451
sigma_47:-1.6897565510142383
sigma_48:-0.8021210821185274
sigma_49:1.6302538820645895
sigma_50:1.4379352616999304
sigma_51:-1.3940723523113197
sigma_52:0.9369735325351077
sigma_53:-0.14877385205709406
sigma_54:-0.30258944514442043
sigma_55:0.31391324108083996
sigma_56:0.12248554893190698
sigma_57:1.1034105763059492
sigma_58:-0.9401531997334582
sigma_59:0.2584452388644825
sigma_60:-0.2327759603507465
sigma_61:0.5127743506945214
sigma_62:0.9117359907970176
sigma_63:0.3972087778490903
sigma_64:-1.0050677075373222
sigma_65:-1.0122917765867616
sigma_66:2.2310968689250927
sigma_67:-0.6721604751510852
sigma_68:1.0784907274483653
sigma_69:0.5389960471608773
sigma_70:-1.5145228153601968
sigma_71:0.5432071906551902
sigma_72:0.36585753392531123
sigma_73:1.3414754876159902
sigma_74:-0.1023776460682429
sigma_75:2.03596531775973
sigma_76:-0.6873742161283378
sigma_77:-0.7365654233373335
sigma_78:0.7390944640130143
sigma_79:-0.15897911033232245
sigma_80:-1.2208178268172523
sigma_81:1.261793190500695
sigma_82:0.46133205826461965
sigma_83:-0.7788197231552549
sigma_84:-0.7325276678167281
sigma_85:0.06980032295980394
sigma_86:0.807499455474114
sigma_87:-0.5501178043574433
sigma_88:-0.954468257202817
sigma_89:-0.16196012268239623
sigma_90:1.778250691348871
sigma_91:0.9599327708173658
sigma_92:-1.9325316581255547
sigma_93:-0.7865972072239298
sigma_94:-1.1070501158389214
sigma_95:-1.0578127199184388
sigma_96:0.009405429215446313
sigma_97:0.8214243250423651
sigma_98:1.7579458843119025
sigma_99:1.0245833334765686
