sigma_0:-1.7683264230958324
sigma_1:-1.2813648185065472
sigma_2:0.05645924518244504
sigma_3:-1.798580013198206
sigma_4:1.6598465923217596
sigma_5:-1.136485222576128
sigma_6:0.12541723731671114
sigma_7:0.7646952911920539
sigma_8:-0.8245117388003874
sigma_9:-0.8311488371165179
sigma_10:-0.1275981570602016
sigma_11:0.880409287130497
sigma_12:-0.7012026321158547
sigma_13:2.0878966122017157
sigma_14:1.4657714067952992
sigma_15:1.2168301970442301
sigma_16:-0.7153305230028923
sigma_17:0.24881594982727953
sigma_18:-1.0496181719660478
sigma_19:-0.2711426171261011
sigma_20:0.9874514993519119
sigma_21:-0.5247032634711901
sigma_22:0.1988022912719943
sigma_23:-1.7801402146802179
sigma_24:0.797266767438116
sigma_25:-1.155686965425814
sigma_26:-0.9849788995959526
sigma_27:0.5004310450505213
sigma_28:0.13495894971768058
sigma_29:0.7843432919113813
sigma_30:0.03088887790529246
sigma_31:-0.4656002743127701
sigma_32:-0.3280524520458727
sigma_33:-0.28662712448079897
sigma_34:-0.0010870695536054728
sigma_35:-1.4113882502040058
sigma_36:1.2902757895029715
sigma_37:0.0922898894819829
sigma_38:0.6614028147716161
sigma_39:-0.59893666759191
sigma_40:-1.137151121149454
sigma_41:-0.9075848875359855
sigma_42:-0.3140032248527684
sigma_43:-0.013540370502677961
sigma_44:-0.8888637811030272
sigma_45:1.6014926465706911
sigma_46:0.2464418784914721
sigma_47:-0.7620693242303342
sigma_48:0.6404809294254241
sigma_49:0.8071926891774341
sigma_50:0.30779336716720507
sigma_51:-1.243070530257743
sigma_52:0.46267309035908505
sigma_53:0.5461293757385878
sigma_54:-1.6789588404875795
sigma_55:0.04894685484287658
sigma_56:0.49686068440576053
sigma_57:0.7225406737936207
sigma_58:-0.8144753984009954
sigma_59:1.8535441976188256
sigma_60:-0.29257840040407196
sigma_61:-0.15433034384097705
sigma_62:-0.4263439630491698
sigma_63:-1.3786671537384467
sigma_64:0.3494779083436063
sigma_65:-0.6602990205431756
sigma_66:-0.31084532785849983
sigma_67:-0.35743715810466437
sigma_68:-0.3003279491392883
sigma_69:1.240537274336117
sigma_70:-1.0409429093860192
sigma_71:0.5166855880610477
sigma_72:-0.5920283142706094
sigma_73:2.3460276608643698
sigma_74:0.37274855040588784
sigma_75:-0.4415355645386375
sigma_76:0.49072474785198683
sigma_77:-0.30886608511452485
sigma_78:-0.1944777948458743
sigma_79:0.5617135966273298
sigma_80:-0.40039802895926646
sigma_81:-0.2924522587933385
sigma_82:-0.8153349539764776
sigma_83:1.4860362733397512
sigma_84:-0.49348804734555546
sigma_85:-1.126648662738457
sigma_86:-1.3745674422941614
sigma_87:-0.2322404744506309
sigma_88:0.3354808190519078
sigma_89:0.09266237847495029
sigma_90:-0.38471969102655007
sigma_91:0.18886638439078338
sigma_92:0.6583574659981667
sigma_93:0.9636054856761356
sigma_94:-0.5767313360145028
sigma_95:0.12843881834151938
sigma_96:-0.04937869552102937
sigma_97:0.792411806550699
sigma_98:1.4155361518226843
sigma_99:2.2204342119713054
