sigma_0:0.8208903986819297
sigma_1:0.7663488556602105
sigma_2:0.28111701538066114
sigma_3:0.7287588758811131
sigma_4:-2.2163775661353697
sigma_5:-1.5619709470415617
sigma_6:2.0686141889183967
sigma_7:0.795517892892039
sigma_8:2.5901494781403565
sigma_9:1.1156189250465791
sigma_10:-0.424322220686004
sigma_11:-0.8204179319798102
sigma_12:-1.1097817774933574
sigma_13:-1.7526667020950597
sigma_14:-0.00426904903345209
sigma_15:-0.9614966527055472
sigma_16:-0.1409756885213172
sigma_17:0.13129705851052564
sigma_18:1.132866846508137
sigma_19:-1.4302742179848478
sigma_20:0.1317244273217679
sigma_21:0.33898970209057505
sigma_22:1.0161069884585328
sigma_23:0.36489662699879183
sigma_24:-0.9903963047186065
sigma_25:0.5395507484459738
sigma_26:-0.3165720097070256
sigma_27:-0.9998854304699878
sigma_28:1.9642602471742787
sigma_29:-0.2453973653858817
sigma_30:0.35188105351285115
sigma_31:-1.0416103654262492
sigma_32:-1.1190849654753667
sigma_33:1.1110863201410552
sigma_34:-0.6978655512210808
sigma_35:0.25970486304270324
sigma_36:0.7145247145111461
sigma_37:0.6553058198306343
sigma_38:0.7718985429497919
sigma_39:0.15653177795050657
sigma_40:0.5802152821607917
sigma_41:-1.2134010178354333
sigma_42:1.0993220046689562
sigma_43:0.7696362935014661
sigma_44:0.1409332125645643
sigma_45:0.9363487877042006
sigma_46:-0.1514002388812034
sigma_47:1.055887300134705
sigma_48:-0.3284211143234822
sigma_49:0.2852784553303496
sigma_50:0.19158625492746323
sigma_51:0.5027581562272052
sigma_52:-1.508602083553241
sigma_53:-0.7493083492035486
sigma_54:1.0111461009291798
sigma_55:-2.6356259519962615
sigma_56:0.9670928422594824
sigma_57:0.5838585463407672
sigma_58:-0.15723388072064964
sigma_59:0.608330997331673
sigma_60:0.36747559772458976
sigma_61:1.9194801360353466
sigma_62:0.47663474693921676
sigma_63:0.1383351236047661
sigma_64:-1.1281519540177676
sigma_65:0.716032637845074
sigma_66:-0.4958567811850487
sigma_67:-1.4540472398734017
sigma_68:-0.819772587881499
sigma_69:-0.7593435940148653
sigma_70:-0.2536714809005982
sigma_71:0.7917277174187531
sigma_72:-1.5953579841706318
sigma_73:-0.868311953295471
sigma_74:-0.91513229326544
sigma_75:-0.09362192875344177
sigma_76:-0.4528949543375309
sigma_77:0.35959726762986466
sigma_78:0.11858089675294445
sigma_79:-0.3398509327712067
sigma_80:0.32178834593450695
sigma_81:-1.8729322564020998
sigma_82:-1.3592044996677561
sigma_83:-0.3166253261122485
sigma_84:0.14354492671366384
sigma_85:1.1559450960615347
sigma_86:1.8038433173779933
sigma_87:-1.2401153091641992
sigma_88:1.2622711734323673
sigma_89:-0.41536966143668336
sigma_90:-0.31530683819475325
sigma_91:-0.12647620604947485
sigma_92:-0.5883799936108453
sigma_93:-0.8247386439358596
sigma_94:1.0488204284646263
sigma_95:-1.3411833322076423
sigma_96:0.36652518825862335
sigma_97:1.7763786447569563
sigma_98:0.4195904754604021
sigma_99:-0.571436817832583
