sigma_0:1.7768489362757902
sigma_1:1.1531764833879878
sigma_2:-0.056799234199724734
sigma_3:0.4585692817295236
sigma_4:1.1775541226504895
sigma_5:-1.2039861166256058
sigma_6:-0.9614067150480257
sigma_7:-1.1049070768684972
sigma_8:-0.3074913229596411
sigma_9:-0.5984753701019556
sigma_10:0.69556219573409
sigma_11:-0.5842798397997214
sigma_12:-0.14300805337776068
sigma_13:-1.8118877029496137
sigma_14:0.15406904999550675
sigma_15:1.730460310077836
sigma_16:-1.3299190929834934
sigma_17:0.4025632739749907
sigma_18:0.21704423223244101
sigma_19:-0.7452190541539454
sigma_20:-0.08018890621065092
sigma_21:-1.3995869082024655
sigma_22:1.0996142717473407
sigma_23:-0.10252096703303767
sigma_24:0.8836518716405148
sigma_25:-0.3897664891832261
sigma_26:0.3670560985711844
sigma_27:-0.9981163723108747
sigma_28:1.3822046953814238
sigma_29:1.1144582050681298
sigma_30:-0.3984751124075155
sigma_31:0.8792524187277295
sigma_32:-0.6363621211169831
sigma_33:-1.3555101199492363
sigma_34:-1.1314608287447512
sigma_35:-0.8260505504368689
sigma_36:-0.5276532782207415
sigma_37:1.5487193385897258
sigma_38:-2.009054385334705
sigma_39:0.312376273794429
sigma_40:0.043862789377305415
sigma_41:1.4143262285750502
sigma_42:-0.41978622591475045
sigma_43:-0.3489314462486788
sigma_44:1.0087971824459347
sigma_45:0.028467263937389367
sigma_46:-2.1311960799658407
sigma_47:0.9717181718935269
sigma_48:-1.8625808663994556
sigma_49:-0.31835806868834965
sigma_50:0.2348685610243595
sigma_51:0.596991608665136
sigma_52:1.5462145389856747
sigma_53:-0.018798697459695046
sigma_54:1.2398088842850603
sigma_55:0.48323433005683797
sigma_56:-0.7326331089710307
sigma_57:-0.8282546357666847
sigma_58:-1.389037379690177
sigma_59:-1.4505512076417062
sigma_60:-0.6397990849294807
sigma_61:-1.6241863916721737
sigma_62:0.2786789060088594
sigma_63:-0.9113939617183353
sigma_64:-1.5144856134845344
sigma_65:0.4234844030711891
sigma_66:-0.8117454402178713
sigma_67:1.2282140668370813
sigma_68:-1.6213460474430106
sigma_69:-0.30271335127285626
sigma_70:-0.7844619470913382
sigma_71:0.7673882289742066
sigma_72:0.1346753811146977
sigma_73:0.04712258292128727
sigma_74:1.0713539902463631
sigma_75:-0.5026138048233103
sigma_76:-0.2256644567957604
sigma_77:-0.045695895208124324
sigma_78:0.5977434926944714
sigma_79:1.8084505767700743
sigma_80:0.19315517983696232
sigma_81:1.449178307849922
sigma_82:-2.803145416918913
sigma_83:1.7470151003020056
sigma_84:0.017074656247531718
sigma_85:-0.975245060367869
sigma_86:0.07773955185383878
sigma_87:1.3456485943547118
sigma_88:-1.0589559187038489
sigma_89:0.10948155634325209
sigma_90:1.5866604169210319
sigma_91:-0.45270459999041257
sigma_92:0.14576179239987527
sigma_93:0.6110252124566435
sigma_94:-0.8374036331145004
sigma_95:0.054766005633934106
sigma_96:1.4266005159545856
sigma_97:1.0252343714803247
sigma_98:-0.07391304244628723
sigma_99:1.9643818629397765
