sigma_0:0.5765767504441075
sigma_1:1.6199289101352197
sigma_2:2.764702588089548
sigma_3:1.479738430078601
sigma_4:-0.2077748883162215
sigma_5:-0.6241882360459924
sigma_6:0.18279653126507656
sigma_7:0.6495731065588349
sigma_8:-1.1618084007818195
sigma_9:0.8647141376635562
sigma_10:-0.4893995587924703
sigma_11:-0.6985609376391775
sigma_12:-1.3721622987269868
sigma_13:-1.430745752856241
sigma_14:0.6543380396020965
sigma_15:0.3622930016058968
sigma_16:0.05548841057508604
sigma_17:-0.4225229585477657
sigma_18:2.2720617879608116
sigma_19:0.9501822342863601
sigma_20:-0.9908936409137177
sigma_21:1.4970412252798395
sigma_22:-0.7503970623401701
sigma_23:-0.19013299675998677
sigma_24:0.319445853453517
sigma_25:-1.6149668691398322
sigma_26:0.26837136589714966
sigma_27:-2.4138078140356996
sigma_28:0.6910002855851869
sigma_29:1.8451260054580332
sigma_30:-0.2163744901787012
sigma_31:0.23081388873009206
sigma_32:-1.5326109369812349
sigma_33:0.4825009189840594
sigma_34:0.5948749682596823
sigma_35:-1.0919859065547843
sigma_36:-0.8463653850238083
sigma_37:0.23896628837016148
sigma_38:-0.7510502312972454
sigma_39:-1.3724275101633376
sigma_40:-0.32763743833004516
sigma_41:-1.0965084489004275
sigma_42:0.42612122336961444
sigma_43:-0.1763507836106636
sigma_44:-0.7535832443834136
sigma_45:0.2287769597881168
sigma_46:0.9747355401045065
sigma_47:-0.6783671816257842
sigma_48:1.6303854231308421
sigma_49:-1.5110319347212549
sigma_50:-0.6750615293244745
sigma_51:-0.9690950422193527
sigma_52:0.11953825867727262
sigma_53:1.7300251722167492
sigma_54:-0.47936510006953836
sigma_55:-0.020479488207976213
sigma_56:0.6215779889783348
sigma_57:0.488623312402079
sigma_58:-1.6798912912637678
sigma_59:-0.5514010531232252
sigma_60:-1.073221661258731
sigma_61:-0.053193212843679956
sigma_62:0.808522630797812
sigma_63:-0.4255858510953197
sigma_64:0.1820987584964294
sigma_65:0.5372992765843917
sigma_66:0.1994050218317103
sigma_67:-0.40967280351092705
sigma_68:-2.0876241998282055
sigma_69:0.7351098773425715
sigma_70:-2.084176119978532
sigma_71:0.6184514704550915
sigma_72:0.6681447136519842
sigma_73:0.014480259782280451
sigma_74:0.1716600643565612
sigma_75:1.0748301521545076
sigma_76:1.4275205784550378
sigma_77:-1.4434805487935634
sigma_78:2.2982660681051548
sigma_79:-0.7709171255608886
sigma_80:-0.21174578188167756
sigma_81:-0.5122061896793304
sigma_82:-0.31620374365825554
sigma_83:0.33773141979493954
sigma_84:1.215460156587515
sigma_85:-0.7227171018210863
sigma_86:0.6079400826632655
sigma_87:-0.10885616337326479
sigma_88:-0.6210279164240805
sigma_89:0.7299055802559679
sigma_90:-0.5248509033384651
sigma_91:-2.001502788393627
sigma_92:-0.45522065477918117
sigma_93:-0.6266531232883014
sigma_94:1.4791531252514871
sigma_95:0.5097469350873616
sigma_96:-2.0260688561844518
sigma_97:-0.6448041620412338
sigma_98:-0.24162600045127144
sigma_99:-1.2422995247904896
